4.981455630 1454.0
4.998166899 1476.0
5.014878168 1430.0
5.031589437 1454.0
5.048300706 1444.0
5.065011975 1450.0
5.081723244 1441.0
5.098434513 1460.0
5.115145782 1431.0
5.131857051 1411.0
5.148568320 1357.0
5.165279589 1370.0
5.181990858 1395.0
5.198702127 1355.0
5.215413396 1377.0
5.232124665 1412.0
5.248835934 1357.0
5.265547203 1367.0
5.282258472 1350.0
5.298969741 1301.0
5.315681010 1326.0
5.332392279 1285.0
5.349103548 1433.0
5.365814816 1341.0
5.382526085 1356.0
5.399237354 1322.0
5.415948623 1378.0
5.432659892 1348.0
5.449371161 1318.0
5.466082430 1380.0
5.482793699 1368.0
5.499504968 1314.0
5.516216237 1262.0
5.532927506 1244.0
5.549638775 1274.0
5.566350044 1316.0
5.583061313 1324.0
5.599772582 1309.0
5.616483851 1286.0
5.633195120 1259.0
5.649906389 1237.0
5.666617658 1216.0
5.683328927 1273.0
5.700040196 1343.0
5.716751465 1272.0
5.733462734 1269.0
5.750174003 1229.0
5.766885272 1269.0
5.783596541 1240.0
5.800307810 1243.0
5.817019079 1239.0
5.833730348 1180.0
5.850441617 1245.0
5.867152886 1150.0
5.883864155 1228.0
5.900575424 1189.0
5.917286693 1174.0
5.933997962 1193.0
5.950709231 1133.0
5.967420500 1162.0
5.984131769 1163.0
6.000843038 1179.0
6.017554307 1125.0
6.034265576 1176.0
6.050976845 1210.0
6.067688114 1187.0
6.084399383 1145.0
6.101110651 1182.0
6.117821920 1123.0
6.134533189 1142.0
6.151244458 1180.0
6.167955727 1205.0
6.184666996 1144.0
6.201378265 1148.0
6.218089534 1111.0
6.234800803 1183.0
6.251512072 1076.0
6.268223341 1106.0
6.284934610 1169.0
6.301645879 1112.0
6.318357148 1096.0
6.335068417 1051.0
6.351779686 1104.0
6.368490955 1064.0
6.385202224 1064.0
6.401913493 1095.0
6.418624762 1079.0
6.435336031 1113.0
6.452047300 1128.0
6.468758569 1101.0
6.485469838 1102.0
6.502181107 1123.0
6.518892376 1088.0
6.535603645 1147.0
6.552314914 1082.0
6.569026183 1103.0
6.585737452 1118.0
6.602448721 1109.0
6.619159990 1064.0
6.635871259 1089.0
6.652582528 1081.0
6.669293797 1158.0
6.686005066 1122.0
6.702716335 1121.0
6.719427604 1083.0
6.736138873 1060.0
6.752850142 1020.0
6.769561411 986.0
6.786272680 1095.0
6.802983949 1084.0
6.819695218 1083.0
6.836406487 1023.0
6.853117755 1053.0
6.869829024 1069.0
6.886540293 1076.0
6.903251562 1085.0
6.919962831 1053.0
6.936674100 1033.0
6.953385369 1043.0
6.970096638 1000.0
6.986807907 1068.0
7.003519176 1033.0
7.020230445 1038.0
7.036941714 958.0
7.053652983 998.0
7.070364252 1051.0
7.087075521 1050.0
7.103786790 1050.0
7.120498059 1084.0
7.137209328 988.0
7.153920597 1121.0
7.170631866 1031.0
7.187343135 1062.0
7.204054404 1072.0
7.220765673 1004.0
7.237476942 1100.0
7.254188211 1148.0
7.270899480 1107.0
7.287610749 1220.0
7.304322018 1330.0
7.321033287 1455.0
7.337744556 1591.0
7.354455825 1918.0
7.371167094 2078.0
7.387878363 2269.0
7.404589632 2486.0
7.421300901 2056.0
7.438012170 1706.0
7.454723439 1302.0
7.471434708 1113.0
7.488145977 1064.0
7.504857246 994.0
7.521568515 966.0
7.538279784 1007.0
7.554991053 1031.0
7.571702322 967.0
7.588413590 927.0
7.605124859 976.0
7.621836128 926.0
7.638547397 981.0
7.655258666 962.0
7.671969935 942.0
7.688681204 948.0
7.705392473 961.0
7.722103742 945.0
7.738815011 981.0
7.755526280 940.0
7.772237549 886.0
7.788948818 937.0
7.805660087 914.0
7.822371356 931.0
7.839082625 919.0
7.855793894 941.0
7.872505163 991.0
7.889216432 885.0
7.905927701 943.0
7.922638970 924.0
7.939350239 893.0
7.956061508 883.0
7.972772777 904.0
7.989484046 928.0
8.006195315 889.0
8.022906584 881.0
8.039617853 897.0
8.056329122 938.0
8.073040391 955.0
8.089751660 908.0
8.106462929 926.0
8.123174198 926.0
8.139885467 913.0
8.156596736 883.0
8.173308005 934.0
8.190019274 947.0
8.206730543 851.0
8.223441812 919.0
8.240153081 845.0
8.256864350 897.0
8.273575619 834.0
8.290286888 939.0
8.306998157 912.0
8.323709426 929.0
8.340420694 883.0
8.357131963 934.0
8.373843232 908.0
8.390554501 834.0
8.407265770 870.0
8.423977039 857.0
8.440688308 869.0
8.457399577 839.0
8.474110846 908.0
8.490822115 859.0
8.507533384 869.0
8.524244653 865.0
8.540955922 891.0
8.557667191 859.0
8.574378460 880.0
8.591089729 876.0
8.607800998 883.0
8.624512267 870.0
8.641223536 889.0
8.657934805 901.0
8.674646074 794.0
8.691357343 883.0
8.708068612 851.0
8.724779881 844.0
8.741491150 868.0
8.758202419 861.0
8.774913688 854.0
8.791624957 859.0
8.808336226 868.0
8.825047495 866.0
8.841758764 861.0
8.858470033 885.0
8.875181302 830.0
8.891892571 852.0
8.908603840 842.0
8.925315109 832.0
8.942026378 866.0
8.958737647 876.0
8.975448916 876.0
8.992160185 862.0
9.008871454 883.0
9.025582723 889.0
9.042293992 911.0
9.059005261 899.0
9.075716529 909.0
9.092427798 898.0
9.109139067 912.0
9.125850336 884.0
9.142561605 945.0
9.159272874 867.0
9.175984143 966.0
9.192695412 991.0
9.209406681 988.0
9.226117950 998.0
9.242829219 1019.0
9.259540488 1112.0
9.276251757 1198.0
9.292963026 1216.0
9.309674295 1349.0
9.326385564 1538.0
9.343096833 1750.0
9.359808102 2030.0
9.376519371 2473.0
9.393230640 3283.0
9.409941909 4088.0
9.426653178 5440.0
9.443364447 7103.0
9.460075716 9458.0
9.476786985 11713.0
9.493498254 13289.0
9.510209523 13617.0
9.526920792 12401.0
9.543632061 10584.0
9.560343330 8189.0
9.577054599 5826.0
9.593765868 4052.0
9.610477137 2711.0
9.627188406 2035.0
9.643899675 1676.0
9.660610944 1539.0
9.677322213 1408.0
9.694033482 1346.0
9.710744751 1188.0
9.727456020 1156.0
9.744167289 1128.0
9.760878558 1106.0
9.777589827 1055.0
9.794301096 1058.0
9.811012365 1112.0
9.827723633 1111.0
9.844434902 1033.0
9.861146171 1065.0
9.877857440 1019.0
9.894568709 1020.0
9.911279978 1016.0
9.927991247 1047.0
9.944702516 955.0
9.961413785 976.0
9.978125054 927.0
9.994836323 976.0
10.011547592 946.0
10.028258861 901.0
10.044970130 975.0
10.061681399 971.0
10.078392668 950.0
10.095103937 975.0
10.111815206 926.0
10.128526475 962.0
10.145237744 971.0
10.161949013 876.0
10.178660282 940.0
10.195371551 946.0
10.212082820 930.0
10.228794089 898.0
10.245505358 948.0
10.262216627 918.0
10.278927896 902.0
10.295639165 976.0
10.312350434 908.0
10.329061703 915.0
10.345772972 917.0
10.362484241 911.0
10.379195510 888.0
10.395906779 877.0
10.412618048 875.0
10.429329317 860.0
10.446040586 916.0
10.462751855 862.0
10.479463124 869.0
10.496174393 875.0
10.512885662 915.0
10.529596931 865.0
10.546308200 906.0
10.563019468 938.0
10.579730737 886.0
10.596442006 855.0
10.613153275 885.0
10.629864544 913.0
10.646575813 877.0
10.663287082 907.0
10.679998351 907.0
10.696709620 864.0
10.713420889 867.0
10.730132158 831.0
10.746843427 908.0
10.763554696 880.0
10.780265965 880.0
10.796977234 878.0
10.813688503 842.0
10.830399772 807.0
10.847111041 872.0
10.863822310 798.0
10.880533579 882.0
10.897244848 807.0
10.913956117 830.0
10.930667386 895.0
10.947378655 877.0
10.964089924 822.0
10.980801193 860.0
10.997512462 882.0
11.014223731 805.0
11.030935000 839.0
11.047646269 825.0
11.064357538 855.0
11.081068807 866.0
11.097780076 764.0
11.114491345 876.0
11.131202614 752.0
11.147913883 822.0
11.164625152 849.0
11.181336421 798.0
11.198047690 823.0
11.214758959 880.0
11.231470228 857.0
11.248181497 848.0
11.264892766 835.0
11.281604035 793.0
11.298315304 812.0
11.315026572 904.0
11.331737841 774.0
11.348449110 839.0
11.365160379 801.0
11.381871648 794.0
11.398582917 800.0
11.415294186 820.0
11.432005455 826.0
11.448716724 842.0
11.465427993 757.0
11.482139262 757.0
11.498850531 717.0
11.515561800 776.0
11.532273069 764.0
11.548984338 784.0
11.565695607 799.0
11.582406876 806.0
11.599118145 776.0
11.615829414 728.0
11.632540683 783.0
11.649251952 833.0
11.665963221 773.0
11.682674490 804.0
11.699385759 823.0
11.716097028 753.0
11.732808297 810.0
11.749519566 781.0
11.766230835 756.0
11.782942104 850.0
11.799653373 734.0
11.816364642 738.0
11.833075911 793.0
11.849787180 760.0
11.866498449 732.0
11.883209718 793.0
11.899920987 793.0
11.916632256 768.0
11.933343525 747.0
11.950054794 776.0
11.966766063 789.0
11.983477332 788.0
12.000188601 803.0
12.016899870 761.0
12.033611139 752.0
12.050322407 728.0
12.067033676 769.0
12.083744945 743.0
12.100456214 735.0
12.117167483 693.0
12.133878752 756.0
12.150590021 723.0
12.167301290 742.0
12.184012559 730.0
12.200723828 746.0
12.217435097 764.0
12.234146366 744.0
12.250857635 760.0
12.267568904 741.0
12.284280173 730.0
12.300991442 756.0
12.317702711 773.0
12.334413980 753.0
12.351125249 774.0
12.367836518 753.0
12.384547787 759.0
12.401259056 712.0
12.417970325 791.0
12.434681594 763.0
12.451392863 705.0
12.468104132 777.0
12.484815401 736.0
12.501526670 748.0
12.518237939 752.0
12.534949208 757.0
12.551660477 739.0
12.568371746 784.0
12.585083015 785.0
12.601794284 817.0
12.618505553 802.0
12.635216822 742.0
12.651928091 814.0
12.668639360 782.0
12.685350629 812.0
12.702061898 818.0
12.718773167 886.0
12.735484436 932.0
12.752195705 979.0
12.768906974 1056.0
12.785618243 1214.0
12.802329511 1486.0
12.819040780 1600.0
12.835752049 1870.0
12.852463318 2155.0
12.869174587 2307.0
12.885885856 2731.0
12.902597125 2920.0
12.919308394 3123.0
12.936019663 3258.0
12.952730932 3046.0
12.969442201 2714.0
12.986153470 2142.0
13.002864739 1657.0
13.019576008 1383.0
13.036287277 1130.0
13.052998546 1025.0
13.069709815 932.0
13.086421084 865.0
13.103132353 849.0
13.119843622 834.0
13.136554891 790.0
13.153266160 909.0
13.169977429 764.0
13.186688698 820.0
13.203399967 857.0
13.220111236 789.0
13.236822505 856.0
13.253533774 866.0
13.270245043 840.0
13.286956312 877.0
13.303667581 859.0
13.320378850 946.0
13.337090119 892.0
13.353801388 946.0
13.370512657 979.0
13.387223926 1048.0
13.403935195 1009.0
13.420646464 1008.0
13.437357733 1074.0
13.454069002 1045.0
13.470780271 1073.0
13.487491540 1002.0
13.504202809 973.0
13.520914078 907.0
13.537625347 892.0
13.554336615 817.0
13.571047884 823.0
13.587759153 789.0
13.604470422 725.0
13.621181691 712.0
13.637892960 675.0
13.654604229 698.0
13.671315498 675.0
13.688026767 638.0
13.704738036 681.0
13.721449305 609.0
13.738160574 691.0
13.754871843 602.0
13.771583112 642.0
13.788294381 710.0
13.805005650 657.0
13.821716919 641.0
13.838428188 632.0
13.855139457 699.0
13.871850726 728.0
13.888561995 715.0
13.905273264 769.0
13.921984533 761.0
13.938695802 791.0
13.955407071 804.0
13.972118340 766.0
13.988829609 807.0
14.005540878 752.0
14.022252147 752.0
14.038963416 739.0
14.055674685 690.0
14.072385954 725.0
14.089097223 646.0
14.105808492 607.0
14.122519761 664.0
14.139231030 708.0
14.155942299 627.0
14.172653568 670.0
14.189364837 686.0
14.206076106 643.0
14.222787375 684.0
14.239498644 693.0
14.256209913 597.0
14.272921182 647.0
14.289632450 635.0
14.306343719 653.0
14.323054988 609.0
14.339766257 651.0
14.356477526 651.0
14.373188795 651.0
14.389900064 622.0
14.406611333 643.0
14.423322602 622.0
14.440033871 642.0
14.456745140 632.0
14.473456409 666.0
14.490167678 677.0
14.506878947 662.0
14.523590216 625.0
14.540301485 686.0
14.557012754 581.0
14.573724023 609.0
14.590435292 650.0
14.607146561 711.0
14.623857830 672.0
14.640569099 621.0
14.657280368 684.0
14.673991637 653.0
14.690702906 623.0
14.707414175 665.0
14.724125444 663.0
14.740836713 683.0
14.757547982 743.0
14.774259251 748.0
14.790970520 762.0
14.807681789 768.0
14.824393058 759.0
14.841104327 815.0
14.857815596 757.0
14.874526865 778.0
14.891238134 736.0
14.907949403 773.0
14.924660672 703.0
14.941371941 675.0
14.958083210 669.0
14.974794479 716.0
14.991505748 642.0
15.008217017 707.0
15.024928286 626.0
15.041639554 648.0
15.058350823 641.0
15.075062092 651.0
15.091773361 666.0
15.108484630 659.0
15.125195899 631.0
15.141907168 663.0
15.158618437 613.0
15.175329706 603.0
15.192040975 693.0
15.208752244 684.0
15.225463513 646.0
15.242174782 685.0
15.258886051 685.0
15.275597320 652.0
15.292308589 682.0
15.309019858 724.0
15.325731127 633.0
15.342442396 653.0
15.359153665 678.0
15.375864934 656.0
15.392576203 679.0
15.409287472 694.0
15.425998741 677.0
15.442710010 625.0
15.459421279 723.0
15.476132548 647.0
15.492843817 644.0
15.509555086 695.0
15.526266355 689.0
15.542977624 746.0
15.559688893 696.0
15.576400162 730.0
15.593111431 705.0
15.609822700 731.0
15.626533969 696.0
15.643245238 675.0
15.659956507 683.0
15.676667776 724.0
15.693379045 711.0
15.710090314 694.0
15.726801583 741.0
15.743512852 699.0
15.760224121 670.0
15.776935389 734.0
15.793646658 712.0
15.810357927 721.0
15.827069196 740.0
15.843780465 727.0
15.860491734 754.0
15.877203003 764.0
15.893914272 760.0
15.910625541 824.0
15.927336810 859.0
15.944048079 895.0
15.960759348 886.0
15.977470617 989.0
15.994181886 1194.0
16.010893155 1400.0
16.027604424 1526.0
16.044315693 1843.0
16.061026962 2212.0
16.077738231 2430.0
16.094449500 2690.0
16.111160769 2739.0
16.127872038 2555.0
16.144583307 2387.0
16.161294576 2002.0
16.178005845 1627.0
16.194717114 1326.0
16.211428383 1103.0
16.228139652 1017.0
16.244850921 882.0
16.261562190 871.0
16.278273459 854.0
16.294984728 790.0
16.311695997 805.0
16.328407266 802.0
16.345118535 831.0
16.361829804 785.0
16.378541073 812.0
16.395252342 847.0
16.411963611 838.0
16.428674880 801.0
16.445386149 833.0
16.462097418 807.0
16.478808687 789.0
16.495519956 841.0
16.512231225 829.0
16.528942493 785.0
16.545653762 849.0
16.562365031 836.0
16.579076300 884.0
16.595787569 963.0
16.612498838 907.0
16.629210107 960.0
16.645921376 981.0
16.662632645 884.0
16.679343914 973.0
16.696055183 1003.0
16.712766452 1068.0
16.729477721 1063.0
16.746188990 1058.0
16.762900259 1056.0
16.779611528 1136.0
16.796322797 1105.0
16.813034066 1174.0
16.829745335 1129.0
16.846456604 1262.0
16.863167873 1206.0
16.879879142 1212.0
16.896590411 1228.0
16.913301680 1260.0
16.930012949 1281.0
16.946724218 1266.0
16.963435487 1205.0
16.980146756 1299.0
16.996858025 1307.0
17.013569294 1283.0
17.030280563 1333.0
17.046991832 1304.0
17.063703101 1267.0
17.080414370 1162.0
17.097125639 1216.0
17.113836908 1256.0
17.130548177 1067.0
17.147259446 1136.0
17.163970715 1154.0
17.180681984 1087.0
17.197393253 1050.0
17.214104522 1025.0
17.230815791 1083.0
17.247527060 1043.0
17.264238328 1118.0
17.280949597 990.0
17.297660866 985.0
17.314372135 1041.0
17.331083404 1020.0
17.347794673 1013.0
17.364505942 993.0
17.381217211 941.0
17.397928480 948.0
17.414639749 970.0
17.431351018 942.0
17.448062287 913.0
17.464773556 915.0
17.481484825 935.0
17.498196094 965.0
17.514907363 925.0
17.531618632 865.0
17.548329901 988.0
17.565041170 889.0
17.581752439 900.0
17.598463708 928.0
17.615174977 948.0
17.631886246 959.0
17.648597515 911.0
17.665308784 944.0
17.682020053 1041.0
17.698731322 986.0
17.715442591 1042.0
17.732153860 1076.0
17.748865129 1033.0
17.765576398 1023.0
17.782287667 1078.0
17.798998936 1015.0
17.815710205 1027.0
17.832421474 1050.0
17.849132743 964.0
17.865844012 945.0
17.882555281 903.0
17.899266550 998.0
17.915977819 948.0
17.932689088 837.0
17.949400357 844.0
17.966111626 854.0
17.982822895 943.0
17.999534164 853.0
18.016245432 825.0
18.032956701 856.0
18.049667970 839.0
18.066379239 762.0
18.083090508 792.0
18.099801777 799.0
18.116513046 819.0
18.133224315 799.0
18.149935584 817.0
18.166646853 846.0
18.183358122 788.0
18.200069391 794.0
18.216780660 784.0
18.233491929 865.0
18.250203198 784.0
18.266914467 844.0
18.283625736 790.0
18.300337005 766.0
18.317048274 798.0
18.333759543 822.0
18.350470812 810.0
18.367182081 800.0
18.383893350 755.0
18.400604619 828.0
18.417315888 814.0
18.434027157 767.0
18.450738426 819.0
18.467449695 767.0
18.484160964 802.0
18.500872233 834.0
18.517583502 828.0
18.534294771 863.0
18.551006040 791.0
18.567717309 802.0
18.584428578 795.0
18.601139847 818.0
18.617851116 808.0
18.634562385 803.0
18.651273654 755.0
18.667984923 808.0
18.684696192 792.0
18.701407461 868.0
18.718118730 760.0
18.734829999 806.0
18.751541267 784.0
18.768252536 841.0
18.784963805 815.0
18.801675074 830.0
18.818386343 803.0
18.835097612 822.0
18.851808881 771.0
18.868520150 859.0
18.885231419 812.0
18.901942688 813.0
18.918653957 851.0
18.935365226 855.0
18.952076495 903.0
18.968787764 887.0
18.985499033 985.0
19.002210302 955.0
19.018921571 1049.0
19.035632840 1225.0
19.052344109 1252.0
19.069055378 1398.0
19.085766647 1395.0
19.102477916 1510.0
19.119189185 1417.0
19.135900454 1361.0
19.152611723 1325.0
19.169322992 1254.0
19.186034261 1222.0
19.202745530 1137.0
19.219456799 1067.0
19.236168068 984.0
19.252879337 1009.0
19.269590606 957.0
19.286301875 902.0
19.303013144 882.0
19.319724413 845.0
19.336435682 842.0
19.353146951 851.0
19.369858220 891.0
19.386569489 865.0
19.403280758 915.0
19.419992027 872.0
19.436703296 898.0
19.453414565 922.0
19.470125834 856.0
19.486837103 857.0
19.503548371 907.0
19.520259640 963.0
19.536970909 887.0
19.553682178 910.0
19.570393447 992.0
19.587104716 1058.0
19.603815985 1120.0
19.620527254 1169.0
19.637238523 1324.0
19.653949792 1441.0
19.670661061 1520.0
19.687372330 1569.0
19.704083599 1505.0
19.720794868 1449.0
19.737506137 1351.0
19.754217406 1276.0
19.770928675 1241.0
19.787639944 1160.0
19.804351213 1044.0
19.821062482 1126.0
19.837773751 1036.0
19.854485020 1079.0
19.871196289 1079.0
19.887907558 1029.0
19.904618827 1101.0
19.921330096 1116.0
19.938041365 1112.0
19.954752634 1120.0
19.971463903 1158.0
19.988175172 1175.0
20.004886441 1302.0
20.021597710 1363.0
20.038308979 1339.0
20.055020248 1443.0
20.071731517 1431.0
20.088442786 1450.0
20.105154055 1550.0
20.121865324 1603.0
20.138576593 1692.0
20.155287862 1747.0
20.171999131 1822.0
20.188710400 1942.0
20.205421669 2031.0
20.222132938 2135.0
20.238844206 2225.0
20.255555475 2186.0
20.272266744 2331.0
20.288978013 2265.0
20.305689282 2296.0
20.322400551 2284.0
20.339111820 2336.0
20.355823089 2251.0
20.372534358 2191.0
20.389245627 2140.0
20.405956896 2192.0
20.422668165 2100.0
20.439379434 1950.0
20.456090703 2042.0
20.472801972 1900.0
20.489513241 1902.0
20.506224510 1989.0
20.522935779 2055.0
20.539647048 1969.0
20.556358317 2034.0
20.573069586 2115.0
20.589780855 2238.0
20.606492124 2415.0
20.623203393 2759.0
20.639914662 3139.0
20.656625931 3445.0
20.673337200 3869.0
20.690048469 4159.0
20.706759738 4334.0
20.723471007 4348.0
20.740182276 4196.0
20.756893545 3880.0
20.773604814 3420.0
20.790316083 3051.0
20.807027352 2797.0
20.823738621 2471.0
20.840449890 2186.0
20.857161159 2079.0
20.873872428 1860.0
20.890583697 1796.0
20.907294966 1797.0
20.924006235 1772.0
20.940717504 1731.0
20.957428773 1746.0
20.974140042 1737.0
20.990851310 1741.0
21.007562579 1960.0
21.024273848 1813.0
21.040985117 2089.0
21.057696386 2509.0
21.074407655 2743.0
21.091118924 2837.0
21.107830193 2972.0
21.124541462 3061.0
21.141252731 2945.0
21.157964000 2925.0
21.174675269 2663.0
21.191386538 2548.0
21.208097807 2442.0
21.224809076 2466.0
21.241520345 2458.0
21.258231614 2471.0
21.274942883 2559.0
21.291654152 2813.0
21.308365421 3052.0
21.325076690 3249.0
21.341787959 3425.0
21.358499228 3626.0
21.375210497 3734.0
21.391921766 3790.0
21.408633035 3813.0
21.425344304 3745.0
21.442055573 3396.0
21.458766842 3291.0
21.475478111 3080.0
21.492189380 2960.0
21.508900649 2664.0
21.525611918 2481.0
21.542323187 2250.0
21.559034456 2037.0
21.575745725 1866.0
21.592456994 1864.0
21.609168263 1734.0
21.625879532 1572.0
21.642590801 1564.0
21.659302070 1501.0
21.676013339 1395.0
21.692724608 1379.0
21.709435877 1335.0
21.726147145 1308.0
21.742858414 1243.0
21.759569683 1268.0
21.776280952 1239.0
21.792992221 1230.0
21.809703490 1183.0
21.826414759 1197.0
21.843126028 1231.0
21.859837297 1208.0
21.876548566 1239.0
21.893259835 1216.0
21.909971104 1163.0
21.926682373 1248.0
21.943393642 1191.0
21.960104911 1220.0
21.976816180 1254.0
21.993527449 1290.0
22.010238718 1325.0
22.026949987 1316.0
22.043661256 1279.0
22.060372525 1260.0
22.077083794 1236.0
22.093795063 1290.0
22.110506332 1281.0
22.127217601 1285.0
22.143928870 1303.0
22.160640139 1294.0
22.177351408 1310.0
22.194062677 1293.0
22.210773946 1345.0
22.227485215 1359.0
22.244196484 1347.0
22.260907753 1411.0
22.277619022 1524.0
22.294330291 1878.0
22.311041560 1963.0
22.327752829 2356.0
22.344464098 2648.0
22.361175367 2934.0
22.377886636 3003.0
22.394597905 3149.0
22.411309174 2912.0
22.428020443 2618.0
22.444731712 2479.0
22.461442981 2058.0
22.478154249 1883.0
22.494865518 1742.0
22.511576787 1525.0
22.528288056 1478.0
22.544999325 1435.0
22.561710594 1418.0
22.578421863 1397.0
22.595133132 1502.0
22.611844401 1392.0
22.628555670 1399.0
22.645266939 1453.0
22.661978208 1470.0
22.678689477 1407.0
22.695400746 1493.0
22.712112015 1465.0
22.728823284 1441.0
22.745534553 1411.0
22.762245822 1447.0
22.778957091 1440.0
22.795668360 1408.0
22.812379629 1434.0
22.829090898 1538.0
22.845802167 1473.0
22.862513436 1495.0
22.879224705 1432.0
22.895935974 1441.0
22.912647243 1466.0
22.929358512 1487.0
22.946069781 1457.0
22.962781050 1437.0
22.979492319 1416.0
22.996203588 1362.0
23.012914857 1444.0
23.029626126 1455.0
23.046337395 1402.0
23.063048664 1416.0
23.079759933 1390.0
23.096471202 1528.0
23.113182471 1558.0
23.129893740 1610.0
23.146605009 1659.0
23.163316278 1786.0
23.180027547 1793.0
23.196738816 1877.0
23.213450084 1933.0
23.230161353 1854.0
23.246872622 1814.0
23.263583891 1793.0
23.280295160 1543.0
23.297006429 1520.0
23.313717698 1439.0
23.330428967 1412.0
23.347140236 1304.0
23.363851505 1316.0
23.380562774 1250.0
23.397274043 1240.0
23.413985312 1224.0
23.430696581 1224.0
23.447407850 1179.0
23.464119119 1265.0
23.480830388 1181.0
23.497541657 1221.0
23.514252926 1218.0
23.530964195 1252.0
23.547675464 1250.0
23.564386733 1232.0
23.581098002 1188.0
23.597809271 1187.0
23.614520540 1276.0
23.631231809 1170.0
23.647943078 1180.0
23.664654347 1243.0
23.681365616 1303.0
23.698076885 1270.0
23.714788154 1216.0
23.731499423 1343.0
23.748210692 1271.0
23.764921961 1246.0
23.781633230 1219.0
23.798344499 1321.0
23.815055768 1305.0
23.831767037 1412.0
23.848478306 1328.0
23.865189575 1409.0
23.881900844 1416.0
23.898612113 1363.0
23.915323382 1306.0
23.932034651 1339.0
23.948745920 1440.0
23.965457188 1408.0
23.982168457 1349.0
23.998879726 1469.0
24.015590995 1361.0
24.032302264 1379.0
24.049013533 1353.0
24.065724802 1349.0
24.082436071 1354.0
24.099147340 1424.0
24.115858609 1312.0
24.132569878 1339.0
24.149281147 1341.0
24.165992416 1301.0
24.182703685 1337.0
24.199414954 1401.0
24.216126223 1367.0
24.232837492 1386.0
24.249548761 1442.0
24.266260030 1387.0
24.282971299 1427.0
24.299682568 1398.0
24.316393837 1360.0
24.333105106 1299.0
24.349816375 1367.0
24.366527644 1362.0
24.383238913 1364.0
24.399950182 1346.0
24.416661451 1335.0
24.433372720 1279.0
24.450083989 1328.0
24.466795258 1361.0
24.483506527 1340.0
24.500217796 1370.0
24.516929065 1320.0
24.533640334 1307.0
24.550351603 1392.0
24.567062872 1283.0
24.583774141 1253.0
24.600485410 1279.0
24.617196679 1252.0
24.633907948 1290.0
24.650619217 1382.0
24.667330486 1296.0
24.684041755 1391.0
24.700753023 1338.0
24.717464292 1330.0
24.734175561 1343.0
24.750886830 1266.0
24.767598099 1395.0
24.784309368 1387.0
24.801020637 1414.0
24.817731906 1431.0
24.834443175 1422.0
24.851154444 1412.0
24.867865713 1391.0
24.884576982 1478.0
24.901288251 1444.0
24.917999520 1432.0
24.934710789 1453.0
24.951422058 1488.0
24.968133327 1485.0
24.984844596 1470.0
25.001555865 1489.0
25.018267134 1433.0
25.034978403 1461.0
25.051689672 1434.0
25.068400941 1408.0
25.085112210 1361.0
25.101823479 1366.0
25.118534748 1315.0
25.135246017 1329.0
25.151957286 1301.0
25.168668555 1378.0
25.185379824 1313.0
25.202091093 1320.0
25.218802362 1339.0
25.235513631 1341.0
25.252224900 1279.0
25.268936169 1301.0
25.285647438 1339.0
25.302358707 1195.0
25.319069976 1305.0
25.335781245 1288.0
25.352492514 1303.0
25.369203783 1256.0
25.385915052 1248.0
25.402626321 1309.0
25.419337590 1210.0
25.436048859 1239.0
25.452760127 1271.0
25.469471396 1258.0
25.486182665 1323.0
25.502893934 1328.0
25.519605203 1316.0
25.536316472 1286.0
25.553027741 1270.0
25.569739010 1261.0
25.586450279 1348.0
25.603161548 1236.0
25.619872817 1289.0
25.636584086 1320.0
25.653295355 1322.0
25.670006624 1268.0
25.686717893 1296.0
25.703429162 1329.0
25.720140431 1302.0
25.736851700 1365.0
25.753562969 1408.0
25.770274238 1432.0
25.786985507 1461.0
25.803696776 1653.0
25.820408045 1725.0
25.837119314 1833.0
25.853830583 2058.0
25.870541852 2093.0
25.887253121 2243.0
25.903964390 2120.0
25.920675659 2082.0
25.937386928 1953.0
25.954098197 2094.0
25.970809466 2079.0
25.987520735 1984.0
26.004232004 2089.0
26.020943273 2166.0
26.037654542 2341.0
26.054365811 2405.0
26.071077080 2432.0
26.087788349 2386.0
26.104499618 2347.0
26.121210887 2289.0
26.137922156 2205.0
26.154633425 2013.0
26.171344694 1927.0
26.188055962 1972.0
26.204767231 1766.0
26.221478500 1680.0
26.238189769 1448.0
26.254901038 1552.0
26.271612307 1432.0
26.288323576 1482.0
26.305034845 1442.0
26.321746114 1415.0
26.338457383 1353.0
26.355168652 1387.0
26.371879921 1366.0
26.388591190 1376.0
26.405302459 1364.0
26.422013728 1309.0
26.438724997 1349.0
26.455436266 1393.0
26.472147535 1326.0
26.488858804 1333.0
26.505570073 1320.0
26.522281342 1315.0
26.538992611 1410.0
26.555703880 1372.0
26.572415149 1373.0
26.589126418 1304.0
26.605837687 1319.0
26.622548956 1306.0
26.639260225 1307.0
26.655971494 1267.0
26.672682763 1300.0
26.689394032 1254.0
26.706105301 1290.0
26.722816570 1292.0
26.739527839 1275.0
26.756239108 1241.0
26.772950377 1254.0
26.789661646 1262.0
26.806372915 1210.0
26.823084184 1176.0
26.839795453 1207.0
26.856506722 1228.0
26.873217991 1262.0
26.889929260 1235.0
26.906640529 1259.0
26.923351798 1190.0
26.940063066 1271.0
26.956774335 1230.0
26.973485604 1221.0
26.990196873 1255.0
27.006908142 1317.0
27.023619411 1345.0
27.040330680 1281.0
27.057041949 1321.0
27.073753218 1240.0
27.090464487 1227.0
27.107175756 1259.0
27.123887025 1224.0
27.140598294 1237.0
27.157309563 1209.0
27.174020832 1230.0
27.190732101 1236.0
27.207443370 1230.0
27.224154639 1198.0
27.240865908 1158.0
27.257577177 1220.0
27.274288446 1184.0
27.290999715 1135.0
27.307710984 1129.0
27.324422253 1136.0
27.341133522 1152.0
27.357844791 1159.0
27.374556060 1140.0
27.391267329 1052.0
27.407978598 1172.0
27.424689867 1183.0
27.441401136 1165.0
27.458112405 1184.0
27.474823674 1159.0
27.491534943 1169.0
27.508246212 1226.0
27.524957481 1223.0
27.541668750 1161.0
27.558380019 1153.0
27.575091288 1127.0
27.591802557 1137.0
27.608513826 1152.0
27.625225095 1140.0
27.641936364 1151.0
27.658647633 1173.0
27.675358901 1211.0
27.692070170 1175.0
27.708781439 1166.0
27.725492708 1242.0
27.742203977 1287.0
27.758915246 1322.0
27.775626515 1306.0
27.792337784 1328.0
27.809049053 1425.0
27.825760322 1369.0
27.842471591 1376.0
27.859182860 1379.0
27.875894129 1477.0
27.892605398 1411.0
27.909316667 1387.0
27.926027936 1331.0
27.942739205 1348.0
27.959450474 1349.0
27.976161743 1284.0
27.992873012 1227.0
28.009584281 1277.0
28.026295550 1214.0
28.043006819 1220.0
28.059718088 1204.0
28.076429357 1274.0
28.093140626 1308.0
28.109851895 1304.0
28.126563164 1359.0
28.143274433 1372.0
28.159985702 1383.0
28.176696971 1369.0
28.193408240 1343.0
28.210119509 1364.0
28.226830778 1365.0
28.243542047 1450.0
28.260253316 1437.0
28.276964585 1371.0
28.293675854 1272.0
28.310387123 1332.0
28.327098392 1318.0
28.343809661 1313.0
28.360520930 1286.0
28.377232199 1274.0
28.393943468 1330.0
28.410654737 1282.0
28.427366005 1300.0
28.444077274 1255.0
28.460788543 1239.0
28.477499812 1261.0
28.494211081 1187.0
28.510922350 1246.0
28.527633619 1223.0
28.544344888 1230.0
28.561056157 1226.0
28.577767426 1164.0
28.594478695 1166.0
28.611189964 1229.0
28.627901233 1247.0
28.644612502 1118.0
28.661323771 1140.0
28.678035040 1225.0
28.694746309 1172.0
28.711457578 1162.0
28.728168847 1128.0
28.744880116 1136.0
28.761591385 1206.0
28.778302654 1121.0
28.795013923 1197.0
28.811725192 1159.0
28.828436461 1140.0
28.845147730 1207.0
28.861858999 1099.0
28.878570268 1198.0
28.895281537 1141.0
28.911992806 1214.0
28.928704075 1244.0
28.945415344 1298.0
28.962126613 1315.0
28.978837882 1463.0
28.995549151 1472.0
29.012260420 1538.0
29.028971689 1601.0
29.045682958 1672.0
29.062394227 1646.0
29.079105496 1567.0
29.095816765 1538.0
29.112528034 1465.0
29.129239303 1414.0
29.145950572 1357.0
29.162661841 1267.0
29.179373109 1259.0
29.196084378 1210.0
29.212795647 1185.0
29.229506916 1228.0
29.246218185 1164.0
29.262929454 1230.0
29.279640723 1200.0
29.296351992 1177.0
29.313063261 1170.0
29.329774530 1138.0
29.346485799 1206.0
29.363197068 1219.0
29.379908337 1206.0
29.396619606 1208.0
29.413330875 1232.0
29.430042144 1244.0
29.446753413 1137.0
29.463464682 1199.0
29.480175951 1223.0
29.496887220 1203.0
29.513598489 1161.0
29.530309758 1190.0
29.547021027 1257.0
29.563732296 1238.0
29.580443565 1218.0
29.597154834 1232.0
29.613866103 1279.0
29.630577372 1350.0
29.647288641 1406.0
29.663999910 1402.0
29.680711179 1448.0
29.697422448 1463.0
29.714133717 1404.0
29.730844986 1414.0
29.747556255 1440.0
29.764267524 1439.0
29.780978793 1458.0
29.797690062 1429.0
29.814401331 1438.0
29.831112600 1448.0
29.847823869 1375.0
29.864535138 1399.0
29.881246407 1387.0
29.897957676 1459.0
29.914668944 1534.0
29.931380213 1580.0
29.948091482 1707.0
29.964802751 1719.0
29.981514020 1779.0
29.998225289 1803.0
30.014936558 1731.0
30.031647827 1806.0
30.048359096 1734.0
30.065070365 1695.0
30.081781634 1677.0
30.098492903 1627.0
30.115204172 1587.0
30.131915441 1620.0
30.148626710 1627.0
30.165337979 1612.0
30.182049248 1650.0
30.198760517 1585.0
30.215471786 1613.0
30.232183055 1596.0
30.248894324 1611.0
30.265605593 1632.0
30.282316862 1631.0
30.299028131 1583.0
30.315739400 1696.0
30.332450669 1697.0
30.349161938 1640.0
30.365873207 1653.0
30.382584476 1719.0
30.399295745 1711.0
30.416007014 1696.0
30.432718283 1742.0
30.449429552 1734.0
30.466140821 1783.0
30.482852090 1845.0
30.499563359 1799.0
30.516274628 1900.0
30.532985897 1807.0
30.549697166 1944.0
30.566408435 1897.0
30.583119704 2010.0
30.599830973 1993.0
30.616542242 1986.0
30.633253511 2016.0
30.649964780 1986.0
30.666676048 1930.0
30.683387317 2010.0
30.700098586 1913.0
30.716809855 1970.0
30.733521124 2067.0
30.750232393 2002.0
30.766943662 2079.0
30.783654931 2180.0
30.800366200 2205.0
30.817077469 2206.0
30.833788738 2142.0
30.850500007 2321.0
30.867211276 2297.0
30.883922545 2231.0
30.900633814 2165.0
30.917345083 2230.0
30.934056352 2327.0
30.950767621 2194.0
30.967478890 2267.0
30.984190159 2152.0
31.000901428 2274.0
31.017612697 2197.0
31.034323966 2311.0
31.051035235 2263.0
31.067746504 2380.0
31.084457773 2515.0
31.101169042 2465.0
31.117880311 2635.0
31.134591580 2652.0
31.151302849 2662.0
31.168014118 2711.0
31.184725387 2766.0
31.201436656 2759.0
31.218147925 2720.0
31.234859194 2643.0
31.251570463 2596.0
31.268281732 2499.0
31.284993001 2543.0
31.301704270 2486.0
31.318415539 2443.0
31.335126808 2378.0
31.351838077 2285.0
31.368549346 2086.0
31.385260615 2114.0
31.401971883 1922.0
31.418683152 1958.0
31.435394421 1850.0
31.452105690 1818.0
31.468816959 1649.0
31.485528228 1658.0
31.502239497 1728.0
31.518950766 1628.0
31.535662035 1566.0
31.552373304 1458.0
31.569084573 1473.0
31.585795842 1449.0
31.602507111 1441.0
31.619218380 1386.0
31.635929649 1475.0
31.652640918 1345.0
31.669352187 1380.0
31.686063456 1457.0
31.702774725 1448.0
31.719485994 1396.0
31.736197263 1411.0
31.752908532 1445.0
31.769619801 1456.0
31.786331070 1418.0
31.803042339 1439.0
31.819753608 1399.0
31.836464877 1404.0
31.853176146 1400.0
31.869887415 1476.0
31.886598684 1429.0
31.903309953 1485.0
31.920021222 1341.0
31.936732491 1337.0
31.953443760 1396.0
31.970155029 1382.0
31.986866298 1347.0
32.003577567 1322.0
32.020288836 1355.0
32.037000105 1313.0
32.053711374 1287.0
32.070422643 1286.0
32.087133912 1313.0
32.103845181 1252.0
32.120556450 1330.0
32.137267719 1246.0
32.153978987 1268.0
32.170690256 1282.0
32.187401525 1260.0
32.204112794 1243.0
32.220824063 1266.0
32.237535332 1203.0
32.254246601 1257.0
32.270957870 1243.0
32.287669139 1275.0
32.304380408 1181.0
32.321091677 1170.0
32.337802946 1219.0
32.354514215 1167.0
32.371225484 1268.0
32.387936753 1257.0
32.404648022 1183.0
32.421359291 1222.0
32.438070560 1193.0
32.454781829 1197.0
32.471493098 1206.0
32.488204367 1240.0
32.504915636 1269.0
32.521626905 1263.0
32.538338174 1210.0
32.555049443 1284.0
32.571760712 1228.0
32.588471981 1212.0
32.605183250 1289.0
32.621894519 1253.0
32.638605788 1203.0
32.655317057 1200.0
32.672028326 1257.0
32.688739595 1146.0
32.705450864 1166.0
32.722162133 1107.0
32.738873402 1091.0
32.755584671 1130.0
32.772295940 1120.0
32.789007209 1136.0
32.805718478 1127.0
32.822429747 1080.0
32.839141016 1062.0
32.855852285 1106.0
32.872563554 1100.0
32.889274822 1067.0
32.905986091 1049.0
32.922697360 1009.0
32.939408629 1039.0
32.956119898 1054.0
32.972831167 1001.0
32.989542436 993.0
33.006253705 991.0
33.022964974 1018.0
33.039676243 1085.0
33.056387512 955.0
33.073098781 1008.0
33.089810050 1006.0
33.106521319 927.0
33.123232588 987.0
33.139943857 966.0
33.156655126 963.0
33.173366395 1016.0
33.190077664 1028.0
33.206788933 984.0
33.223500202 956.0
33.240211471 1002.0
33.256922740 973.0
33.273634009 938.0
33.290345278 985.0
33.307056547 996.0
33.323767816 973.0
33.340479085 955.0
33.357190354 910.0
33.373901623 947.0
33.390612892 937.0
33.407324161 928.0
33.424035430 923.0
33.440746699 973.0
33.457457968 901.0
33.474169237 964.0
33.490880506 973.0
33.507591775 954.0
33.524303044 939.0
33.541014313 927.0
33.557725582 978.0
33.574436851 989.0
33.591148120 978.0
33.607859389 1003.0
33.624570658 1003.0
33.641281926 1076.0
33.657993195 1081.0
33.674704464 1091.0
33.691415733 997.0
33.708127002 1023.0
33.724838271 1013.0
33.741549540 969.0
33.758260809 961.0
33.774972078 944.0
33.791683347 926.0
33.808394616 940.0
33.825105885 941.0
33.841817154 894.0
33.858528423 886.0
33.875239692 891.0
33.891950961 892.0
33.908662230 864.0
33.925373499 909.0
33.942084768 889.0
33.958796037 882.0
33.975507306 846.0
33.992218575 870.0
34.008929844 875.0
34.025641113 888.0
34.042352382 925.0
34.059063651 886.0
34.075774920 860.0
34.092486189 833.0
34.109197458 857.0
34.125908727 806.0
34.142619996 840.0
34.159331265 879.0
34.176042534 863.0
34.192753803 869.0
34.209465072 857.0
34.226176341 854.0
34.242887610 840.0
34.259598879 867.0
34.276310148 839.0
34.293021417 924.0
34.309732686 847.0
34.326443955 849.0
34.343155224 851.0
34.359866493 889.0
34.376577761 899.0
34.393289030 940.0
34.410000299 974.0
34.426711568 1023.0
34.443422837 1095.0
34.460134106 1075.0
34.476845375 1044.0
34.493556644 1141.0
34.510267913 1053.0
34.526979182 1161.0
34.543690451 1097.0
34.560401720 1120.0
34.577112989 1013.0
34.593824258 945.0
34.610535527 948.0
34.627246796 920.0
34.643958065 934.0
34.660669334 883.0
34.677380603 915.0
34.694091872 903.0
34.710803141 916.0
34.727514410 889.0
34.744225679 885.0
34.760936948 857.0
34.777648217 851.0
34.794359486 920.0
34.811070755 867.0
34.827782024 907.0
34.844493293 861.0
34.861204562 875.0
34.877915831 884.0
34.894627100 879.0
34.911338369 863.0
34.928049638 821.0
34.944760907 894.0
34.961472176 867.0
34.978183445 907.0
34.994894714 915.0
35.011605983 861.0
35.028317252 853.0
35.045028521 860.0
35.061739790 886.0
35.078451059 869.0
35.095162328 897.0
35.111873597 864.0
35.128584865 961.0
35.145296134 908.0
35.162007403 859.0
35.178718672 895.0
35.195429941 906.0
35.212141210 925.0
35.228852479 1003.0
35.245563748 894.0
35.262275017 933.0
35.278986286 981.0
35.295697555 987.0
35.312408824 1016.0
35.329120093 909.0
35.345831362 984.0
35.362542631 1057.0
35.379253900 1116.0
35.395965169 1075.0
35.412676438 1072.0
35.429387707 1089.0
35.446098976 1097.0
35.462810245 1064.0
35.479521514 1072.0
35.496232783 1132.0
35.512944052 1110.0
35.529655321 1058.0
35.546366590 1021.0
35.563077859 1053.0
35.579789128 1023.0
35.596500397 997.0
35.613211666 974.0
35.629922935 994.0
35.646634204 928.0
35.663345473 946.0
35.680056742 950.0
35.696768011 925.0
35.713479280 876.0
35.730190549 925.0
35.746901818 904.0
35.763613087 892.0
35.780324356 901.0
35.797035625 810.0
35.813746894 834.0
35.830458163 782.0
35.847169432 800.0
35.863880700 790.0
35.880591969 768.0
35.897303238 766.0
35.914014507 769.0
35.930725776 791.0
35.947437045 755.0
35.964148314 721.0
35.980859583 736.0
35.997570852 797.0
36.014282121 694.0
36.030993390 814.0
36.047704659 759.0
36.064415928 735.0
36.081127197 794.0
36.097838466 774.0
36.114549735 776.0
36.131261004 770.0
36.147972273 743.0
36.164683542 740.0
36.181394811 755.0
36.198106080 724.0
36.214817349 734.0
36.231528618 727.0
36.248239887 740.0
36.264951156 771.0
36.281662425 784.0
36.298373694 735.0
36.315084963 722.0
36.331796232 712.0
36.348507501 743.0
36.365218770 740.0
36.381930039 721.0
36.398641308 707.0
36.415352577 660.0
36.432063846 670.0
36.448775115 670.0
36.465486384 693.0
36.482197653 663.0
36.498908922 753.0
36.515620191 735.0
36.532331460 712.0
36.549042729 650.0
36.565753998 674.0
36.582465267 690.0
36.599176536 659.0
36.615887804 709.0
36.632599073 708.0
36.649310342 673.0
36.666021611 678.0
36.682732880 679.0
36.699444149 631.0
36.716155418 643.0
36.732866687 657.0
36.749577956 689.0
36.766289225 684.0
36.783000494 661.0
36.799711763 635.0
36.816423032 714.0
36.833134301 651.0
36.849845570 665.0
36.866556839 675.0
36.883268108 637.0
36.899979377 712.0
36.916690646 704.0
36.933401915 668.0
36.950113184 675.0
36.966824453 706.0
36.983535722 750.0
37.000246991 715.0
37.016958260 726.0
37.033669529 738.0
37.050380798 641.0
37.067092067 708.0
37.083803336 652.0
37.100514605 674.0
37.117225874 720.0
37.133937143 650.0
37.150648412 637.0
37.167359681 646.0
37.184070950 629.0
37.200782219 656.0
37.217493488 626.0
37.234204757 617.0
37.250916026 631.0
37.267627295 658.0
37.284338564 665.0
37.301049833 689.0
37.317761102 633.0
37.334472371 652.0
37.351183639 590.0
37.367894908 599.0
37.384606177 611.0
37.401317446 589.0
37.418028715 606.0
37.434739984 620.0
37.451451253 648.0
37.468162522 574.0
37.484873791 633.0
37.501585060 645.0
37.518296329 613.0
37.535007598 612.0
37.551718867 658.0
37.568430136 621.0
37.585141405 648.0
37.601852674 606.0
37.618563943 597.0
37.635275212 667.0
37.651986481 621.0
37.668697750 684.0
37.685409019 663.0
37.702120288 635.0
37.718831557 638.0
37.735542826 710.0
37.752254095 704.0
37.768965364 731.0
37.785676633 752.0
37.802387902 759.0
37.819099171 790.0
37.835810440 794.0
37.852521709 756.0
37.869232978 773.0
37.885944247 745.0
37.902655516 737.0
37.919366785 747.0
37.936078054 684.0
37.952789323 691.0
37.969500592 681.0
37.986211861 652.0
38.002923130 615.0
38.019634399 637.0
38.036345668 601.0
38.053056937 623.0
38.069768206 572.0
38.086479475 626.0
38.103190743 637.0
38.119902012 630.0
38.136613281 591.0
38.153324550 675.0
38.170035819 617.0
38.186747088 636.0
38.203458357 566.0
38.220169626 618.0
38.236880895 566.0
38.253592164 576.0
38.270303433 592.0
38.287014702 582.0
38.303725971 606.0
38.320437240 597.0
38.337148509 574.0
38.353859778 600.0
38.370571047 584.0
38.387282316 587.0
38.403993585 573.0
38.420704854 628.0
38.437416123 581.0
38.454127392 572.0
38.470838661 592.0
38.487549930 587.0
38.504261199 576.0
38.520972468 620.0
38.537683737 584.0
38.554395006 638.0
38.571106275 606.0
38.587817544 587.0
38.604528813 534.0
38.621240082 591.0
38.637951351 620.0
38.654662620 596.0
38.671373889 617.0
38.688085158 606.0
38.704796427 609.0
38.721507696 630.0
38.738218965 609.0
38.754930234 600.0
38.771641503 583.0
38.788352772 561.0
38.805064041 592.0
38.821775310 564.0
38.838486578 604.0
38.855197847 589.0
38.871909116 574.0
38.888620385 658.0
38.905331654 582.0
38.922042923 575.0
38.938754192 596.0
38.955465461 589.0
38.972176730 633.0
38.988887999 618.0
39.005599268 632.0
39.022310537 605.0
39.039021806 581.0
39.055733075 664.0
39.072444344 614.0
39.089155613 637.0
39.105866882 592.0
39.122578151 600.0
39.139289420 596.0
39.156000689 603.0
39.172711958 627.0
39.189423227 583.0
39.206134496 619.0
39.222845765 587.0
39.239557034 597.0
39.256268303 604.0
39.272979572 588.0
39.289690841 590.0
39.306402110 625.0
39.323113379 612.0
39.339824648 587.0
39.356535917 613.0
39.373247186 599.0
39.389958455 605.0
39.406669724 575.0
39.423380993 650.0
39.440092262 614.0
39.456803531 566.0
39.473514800 569.0
39.490226069 591.0
39.506937338 613.0
39.523648607 649.0
39.540359876 581.0
39.557071145 613.0
39.573782414 613.0
39.590493682 595.0
39.607204951 582.0
39.623916220 609.0
39.640627489 630.0
39.657338758 628.0
39.674050027 569.0
39.690761296 586.0
39.707472565 616.0
39.724183834 621.0
39.740895103 589.0
39.757606372 617.0
39.774317641 594.0
39.791028910 591.0
39.807740179 603.0
39.824451448 597.0
39.841162717 605.0
39.857873986 619.0
39.874585255 601.0
39.891296524 599.0
39.908007793 557.0
39.924719062 563.0
39.941430331 573.0
39.958141600 603.0
39.974852869 572.0
39.991564138 556.0
40.008275407 576.0
40.024986676 585.0
40.041697945 599.0
40.058409214 589.0
40.075120483 580.0
40.091831752 588.0
40.108543021 612.0
40.125254290 622.0
40.141965559 559.0
40.158676828 620.0
40.175388097 507.0
40.192099366 572.0
40.208810635 572.0
40.225521904 565.0
40.242233173 559.0
40.258944442 533.0
40.275655711 555.0
40.292366980 605.0
40.309078249 575.0
40.325789517 609.0
40.342500786 604.0
40.359212055 566.0
40.375923324 569.0
40.392634593 565.0
40.409345862 572.0
40.426057131 569.0
40.442768400 580.0
40.459479669 549.0
40.476190938 591.0
40.492902207 567.0
40.509613476 579.0
40.526324745 529.0
40.543036014 603.0
40.559747283 538.0
40.576458552 565.0
40.593169821 559.0
40.609881090 563.0
40.626592359 568.0
40.643303628 557.0
40.660014897 520.0
40.676726166 578.0
40.693437435 583.0
40.710148704 557.0
40.726859973 567.0
40.743571242 571.0
40.760282511 582.0
40.776993780 548.0
40.793705049 568.0
40.810416318 579.0
40.827127587 559.0
40.843838856 547.0
40.860550125 563.0
40.877261394 565.0
40.893972663 553.0
40.910683932 586.0
40.927395201 551.0
40.944106470 548.0
40.960817739 547.0
40.977529008 554.0
40.994240277 572.0
41.010951546 558.0
41.027662815 581.0
41.044374084 537.0
41.061085353 543.0
41.077796621 544.0
41.094507890 565.0
41.111219159 610.0
41.127930428 560.0
41.144641697 522.0
41.161352966 570.0
41.178064235 604.0
41.194775504 585.0
41.211486773 605.0
41.228198042 556.0
41.244909311 563.0
41.261620580 571.0
41.278331849 551.0
41.295043118 572.0
41.311754387 566.0
41.328465656 579.0
41.345176925 542.0
41.361888194 551.0
41.378599463 571.0
41.395310732 579.0
41.412022001 567.0
41.428733270 598.0
41.445444539 575.0
41.462155808 592.0
41.478867077 594.0
41.495578346 623.0
41.512289615 568.0
41.529000884 619.0
41.545712153 594.0
41.562423422 565.0
41.579134691 602.0
41.595845960 533.0
41.612557229 545.0
41.629268498 639.0
41.645979767 586.0
41.662691036 596.0
41.679402305 590.0
41.696113574 596.0
41.712824843 588.0
41.729536112 591.0
41.746247381 580.0
41.762958650 609.0
41.779669919 623.0
41.796381188 563.0
41.813092456 567.0
41.829803725 574.0
41.846514994 575.0
41.863226263 575.0
41.879937532 573.0
41.896648801 610.0
41.913360070 620.0
41.930071339 582.0
41.946782608 636.0
41.963493877 563.0
41.980205146 571.0
41.996916415 552.0
42.013627684 544.0
42.030338953 585.0
42.047050222 615.0
42.063761491 613.0
42.080472760 599.0
42.097184029 595.0
42.113895298 570.0
42.130606567 570.0
42.147317836 584.0
42.164029105 603.0
42.180740374 620.0
42.197451643 575.0
42.214162912 622.0
42.230874181 623.0
42.247585450 632.0
42.264296719 605.0
42.281007988 596.0
42.297719257 582.0
42.314430526 599.0
42.331141795 648.0
42.347853064 607.0
42.364564333 592.0
42.381275602 584.0
42.397986871 561.0
42.414698140 573.0
42.431409409 585.0
42.448120678 595.0
42.464831947 587.0
42.481543216 618.0
42.498254485 579.0
42.514965754 638.0
42.531677023 587.0
42.548388292 602.0
42.565099560 586.0
42.581810829 595.0
42.598522098 596.0
42.615233367 595.0
42.631944636 619.0
42.648655905 582.0
42.665367174 572.0
42.682078443 606.0
42.698789712 556.0
42.715500981 584.0
42.732212250 595.0
42.748923519 589.0
42.765634788 626.0
42.782346057 580.0
42.799057326 549.0
42.815768595 565.0
42.832479864 601.0
42.849191133 549.0
42.865902402 609.0
42.882613671 579.0
42.899324940 570.0
42.916036209 614.0
42.932747478 547.0
42.949458747 603.0
42.966170016 584.0
42.982881285 629.0
42.999592554 689.0
43.016303823 609.0
43.033015092 609.0
43.049726361 656.0
43.066437630 578.0
43.083148899 613.0
43.099860168 635.0
43.116571437 639.0
43.133282706 662.0
43.149993975 664.0
43.166705244 595.0
43.183416513 615.0
43.200127782 652.0
43.216839051 578.0
43.233550320 591.0
43.250261589 659.0
43.266972858 606.0
43.283684127 600.0
43.300395395 654.0
43.317106664 626.0
43.333817933 645.0
43.350529202 635.0
43.367240471 641.0
43.383951740 645.0
43.400663009 637.0
43.417374278 635.0
43.434085547 648.0
43.450796816 636.0
43.467508085 666.0
43.484219354 646.0
43.500930623 649.0
43.517641892 672.0
43.534353161 661.0
43.551064430 645.0
43.567775699 662.0
43.584486968 612.0
43.601198237 632.0
43.617909506 661.0
43.634620775 641.0
43.651332044 610.0
43.668043313 632.0
43.684754582 639.0
43.701465851 659.0
43.718177120 622.0
43.734888389 648.0
43.751599658 592.0
43.768310927 610.0
43.785022196 645.0
43.801733465 619.0
43.818444734 625.0
43.835156003 616.0
43.851867272 586.0
43.868578541 592.0
43.885289810 596.0
43.902001079 602.0
43.918712348 603.0
43.935423617 525.0
43.952134886 567.0
43.968846155 575.0
43.985557424 531.0
44.002268693 651.0
44.018979962 549.0
44.035691231 572.0
44.052402499 587.0
44.069113768 571.0
44.085825037 570.0
44.102536306 566.0
44.119247575 537.0
44.135958844 581.0
44.152670113 554.0
44.169381382 573.0
44.186092651 549.0
44.202803920 553.0
44.219515189 558.0
44.236226458 541.0
44.252937727 549.0
44.269648996 532.0
44.286360265 557.0
44.303071534 557.0
44.319782803 523.0
44.336494072 547.0
44.353205341 574.0
44.369916610 556.0
44.386627879 541.0
44.403339148 569.0
44.420050417 575.0
44.436761686 561.0
44.453472955 550.0
44.470184224 514.0
44.486895493 534.0
44.503606762 558.0
44.520318031 545.0
44.537029300 548.0
44.553740569 586.0
44.570451838 579.0
44.587163107 536.0
44.603874376 555.0
44.620585645 583.0
44.637296914 543.0
44.654008183 543.0
44.670719452 547.0
44.687430721 554.0
44.704141990 547.0
44.720853259 560.0
44.737564528 506.0
44.754275797 561.0
44.770987066 514.0
44.787698335 589.0
44.804409603 556.0
44.821120872 549.0
44.837832141 552.0
44.854543410 554.0
44.871254679 517.0
44.887965948 586.0
44.904677217 512.0
44.921388486 537.0
44.938099755 529.0
44.954811024 567.0
44.971522293 571.0
44.988233562 536.0
45.004944831 527.0
45.021656100 513.0
45.038367369 576.0
45.055078638 594.0
45.071789907 541.0
45.088501176 549.0
45.105212445 554.0
45.121923714 611.0
45.138634983 531.0
45.155346252 513.0
45.172057521 572.0
45.188768790 564.0
45.205480059 519.0
45.222191328 542.0
45.238902597 545.0
45.255613866 582.0
45.272325135 505.0
45.289036404 556.0
45.305747673 548.0
45.322458942 545.0
45.339170211 529.0
45.355881480 502.0
45.372592749 553.0
45.389304018 566.0
45.406015287 575.0
45.422726556 555.0
45.439437825 539.0
45.456149094 538.0
45.472860363 531.0
45.489571632 497.0
45.506282901 542.0
45.522994170 554.0
45.539705438 524.0
45.556416707 540.0
45.573127976 564.0
45.589839245 568.0
45.606550514 518.0
45.623261783 505.0
45.639973052 506.0
45.656684321 539.0
45.673395590 555.0
45.690106859 492.0
45.706818128 539.0
45.723529397 542.0
45.740240666 531.0
45.756951935 541.0
45.773663204 559.0
45.790374473 559.0
45.807085742 592.0
45.823797011 524.0
45.840508280 565.0
45.857219549 461.0
45.873930818 524.0
45.890642087 536.0
45.907353356 573.0
45.924064625 519.0
45.940775894 524.0
45.957487163 491.0
45.974198432 539.0
45.990909701 533.0
46.007620970 522.0
46.024332239 508.0
46.041043508 559.0
46.057754777 512.0
46.074466046 511.0
46.091177315 453.0
46.107888584 550.0
46.124599853 517.0
46.141311122 504.0
46.158022391 533.0
46.174733660 539.0
46.191444929 506.0
46.208156198 505.0
46.224867467 542.0
46.241578736 526.0
46.258290005 473.0
46.275001274 531.0
46.291712542 516.0
46.308423811 523.0
46.325135080 554.0
46.341846349 506.0
46.358557618 541.0
46.375268887 554.0
46.391980156 504.0
46.408691425 549.0
46.425402694 557.0
46.442113963 547.0
46.458825232 523.0
46.475536501 544.0
46.492247770 494.0
46.508959039 520.0
46.525670308 504.0
46.542381577 506.0
46.559092846 517.0
46.575804115 534.0
46.592515384 512.0
46.609226653 537.0
46.625937922 519.0
46.642649191 573.0
46.659360460 514.0
46.676071729 555.0
46.692782998 516.0
46.709494267 488.0
46.726205536 567.0
46.742916805 549.0
46.759628074 551.0
46.776339343 512.0
46.793050612 535.0
46.809761881 526.0
46.826473150 508.0
46.843184419 535.0
46.859895688 534.0
46.876606957 505.0
46.893318226 491.0
46.910029495 485.0
46.926740764 526.0
46.943452033 512.0
46.960163302 507.0
46.976874571 519.0
46.993585840 510.0
47.010297109 507.0
47.027008377 527.0
47.043719646 536.0
47.060430915 497.0
47.077142184 534.0
47.093853453 531.0
47.110564722 485.0
47.127275991 493.0
47.143987260 545.0
47.160698529 525.0
47.177409798 532.0
47.194121067 511.0
47.210832336 524.0
47.227543605 514.0
47.244254874 533.0
47.260966143 555.0
47.277677412 517.0
47.294388681 526.0
47.311099950 558.0
47.327811219 518.0
47.344522488 534.0
47.361233757 510.0
47.377945026 475.0
47.394656295 545.0
47.411367564 497.0
47.428078833 514.0
47.444790102 542.0
47.461501371 541.0
47.478212640 528.0
47.494923909 480.0
47.511635178 545.0
47.528346447 538.0
47.545057716 570.0
47.561768985 500.0
47.578480254 523.0
47.595191523 516.0
47.611902792 553.0
47.628614061 559.0
47.645325330 569.0
47.662036599 570.0
47.678747868 572.0
47.695459137 502.0
47.712170406 578.0
47.728881675 570.0
47.745592944 582.0
47.762304213 572.0
47.779015481 523.0
47.795726750 581.0
47.812438019 571.0
47.829149288 600.0
47.845860557 531.0
47.862571826 569.0
47.879283095 496.0
47.895994364 544.0
47.912705633 504.0
47.929416902 483.0
47.946128171 548.0
47.962839440 487.0
47.979550709 493.0
47.996261978 525.0
48.012973247 531.0
48.029684516 509.0
48.046395785 535.0
48.063107054 553.0
48.079818323 516.0
48.096529592 520.0
48.113240861 523.0
48.129952130 535.0
48.146663399 543.0
48.163374668 482.0
48.180085937 538.0
48.196797206 474.0
48.213508475 549.0
48.230219744 535.0
48.246931013 490.0
48.263642282 561.0
48.280353551 529.0
48.297064820 569.0
48.313776089 544.0
48.330487358 527.0
48.347198627 531.0
48.363909896 514.0
48.380621165 533.0
48.397332434 552.0
48.414043703 482.0
48.430754972 491.0
48.447466241 498.0
48.464177510 519.0
48.480888779 523.0
48.497600048 532.0
48.514311316 494.0
48.531022585 485.0
48.547733854 543.0
48.564445123 512.0
48.581156392 479.0
48.597867661 500.0
48.614578930 464.0
48.631290199 504.0
48.648001468 544.0
48.664712737 502.0
48.681424006 549.0
48.698135275 533.0
48.714846544 506.0
48.731557813 498.0
48.748269082 544.0
48.764980351 500.0
48.781691620 507.0
48.798402889 507.0
48.815114158 556.0
48.831825427 541.0
48.848536696 538.0
48.865247965 506.0
48.881959234 543.0
48.898670503 525.0
48.915381772 518.0
48.932093041 565.0
48.948804310 556.0
48.965515579 591.0
48.982226848 594.0
48.998938117 588.0
49.015649386 583.0
49.032360655 631.0
49.049071924 619.0
49.065783193 564.0
49.082494462 638.0
49.099205731 606.0
49.115917000 656.0
49.132628269 662.0
49.149339538 611.0
49.166050807 627.0
49.182762076 642.0
49.199473345 656.0
49.216184614 672.0
49.232895883 732.0
49.249607152 683.0
49.266318420 691.0
49.283029689 720.0
49.299740958 670.0
49.316452227 667.0
49.333163496 674.0
49.349874765 698.0
49.366586034 646.0
49.383297303 712.0
49.400008572 642.0
49.416719841 615.0
49.433431110 647.0
49.450142379 599.0
49.466853648 592.0
49.483564917 643.0
49.500276186 645.0
49.516987455 576.0
49.533698724 571.0
49.550409993 570.0
49.567121262 583.0
49.583832531 592.0
49.600543800 553.0
49.617255069 572.0
49.633966338 518.0
49.650677607 573.0
49.667388876 534.0
49.684100145 581.0
49.700811414 569.0
49.717522683 540.0
49.734233952 552.0
49.750945221 618.0
49.767656490 569.0
49.784367759 594.0
49.801079028 534.0
49.817790297 518.0
49.834501566 553.0
49.851212835 573.0
49.867924104 537.0
49.884635373 559.0
49.901346642 543.0
49.918057911 599.0
49.934769180 534.0
49.951480449 531.0
49.968191718 526.0
49.984902987 540.0
50.001614255 567.0
50.018325524 529.0
50.035036793 561.0
50.051748062 538.0
50.068459331 583.0
50.085170600 536.0
50.101881869 538.0
50.118593138 589.0
50.135304407 560.0
50.152015676 541.0
50.168726945 544.0
50.185438214 571.0
50.202149483 542.0
50.218860752 541.0
50.235572021 527.0
50.252283290 558.0
50.268994559 532.0
50.285705828 570.0
50.302417097 545.0
50.319128366 519.0
50.335839635 586.0
50.352550904 549.0
50.369262173 545.0
50.385973442 590.0
50.402684711 506.0
50.419395980 614.0
50.436107249 557.0
50.452818518 576.0
50.469529787 575.0
50.486241056 583.0
50.502952325 557.0
50.519663594 570.0
50.536374863 560.0
50.553086132 503.0
50.569797401 567.0
50.586508670 525.0
50.603219939 510.0
50.619931208 532.0
50.636642477 516.0
50.653353746 569.0
50.670065015 558.0
50.686776284 559.0
50.703487553 532.0
50.720198822 549.0
50.736910091 521.0
50.753621359 548.0
50.770332628 547.0
50.787043897 558.0
50.803755166 581.0
50.820466435 609.0
50.837177704 511.0
50.853888973 564.0
50.870600242 537.0
50.887311511 557.0
50.904022780 573.0
50.920734049 539.0
50.937445318 591.0
50.954156587 560.0
50.970867856 592.0
50.987579125 628.0
51.004290394 566.0
51.021001663 587.0
51.037712932 623.0
51.054424201 585.0
51.071135470 579.0
51.087846739 574.0
51.104558008 592.0
51.121269277 611.0
51.137980546 504.0
51.154691815 587.0
51.171403084 571.0
51.188114353 573.0
51.204825622 557.0
51.221536891 588.0
51.238248160 527.0
51.254959429 597.0
51.271670698 576.0
51.288381967 566.0
51.305093236 573.0
51.321804505 553.0
51.338515774 538.0
51.355227043 594.0
51.371938312 575.0
51.388649581 587.0
51.405360850 533.0
51.422072119 566.0
51.438783388 611.0
51.455494657 525.0
51.472205926 527.0
51.488917194 559.0
51.505628463 566.0
51.522339732 511.0
51.539051001 595.0
51.555762270 521.0
51.572473539 559.0
51.589184808 545.0
51.605896077 563.0
51.622607346 490.0
51.639318615 521.0
51.656029884 563.0
51.672741153 542.0
51.689452422 538.0
51.706163691 517.0
51.722874960 555.0
51.739586229 521.0
51.756297498 502.0
51.773008767 571.0
51.789720036 507.0
51.806431305 538.0
51.823142574 544.0
51.839853843 500.0
51.856565112 544.0
51.873276381 523.0
51.889987650 503.0
51.906698919 518.0
51.923410188 521.0
51.940121457 518.0
51.956832726 502.0
51.973543995 532.0
51.990255264 512.0
52.006966533 512.0
52.023677802 525.0
52.040389071 481.0
52.057100340 496.0
52.073811609 512.0
52.090522878 552.0
52.107234147 524.0
52.123945416 504.0
52.140656685 510.0
52.157367954 524.0
52.174079223 556.0
52.190790492 490.0
52.207501761 495.0
52.224213030 535.0
52.240924298 527.0
52.257635567 507.0
52.274346836 511.0
52.291058105 475.0
52.307769374 508.0
52.324480643 496.0
52.341191912 528.0
52.357903181 521.0
52.374614450 470.0
52.391325719 511.0
52.408036988 526.0
52.424748257 528.0
52.441459526 505.0
52.458170795 488.0
52.474882064 509.0
52.491593333 510.0
52.508304602 511.0
52.525015871 494.0
52.541727140 493.0
52.558438409 525.0
52.575149678 498.0
52.591860947 520.0
52.608572216 511.0
52.625283485 541.0
52.641994754 512.0
52.658706023 507.0
52.675417292 481.0
52.692128561 516.0
52.708839830 510.0
52.725551099 518.0
52.742262368 533.0
52.758973637 524.0
52.775684906 505.0
52.792396175 526.0
52.809107444 504.0
52.825818713 502.0
52.842529982 443.0
52.859241251 523.0
52.875952520 495.0
52.892663789 505.0
52.909375058 537.0
52.926086327 543.0
52.942797596 519.0
52.959508865 476.0
52.976220133 556.0
52.992931402 516.0
53.009642671 508.0
53.026353940 513.0
53.043065209 502.0
53.059776478 542.0
53.076487747 476.0
53.093199016 524.0
53.109910285 509.0
53.126621554 483.0
53.143332823 521.0
53.160044092 502.0
53.176755361 476.0
53.193466630 531.0
53.210177899 516.0
53.226889168 513.0
53.243600437 513.0
53.260311706 539.0
53.277022975 474.0
53.293734244 511.0
53.310445513 504.0
53.327156782 531.0
53.343868051 547.0
53.360579320 523.0
53.377290589 502.0
53.394001858 506.0
53.410713127 541.0
53.427424396 509.0
53.444135665 513.0
53.460846934 475.0
53.477558203 531.0
53.494269472 569.0
53.510980741 516.0
53.527692010 537.0
53.544403279 520.0
53.561114548 540.0
53.577825817 540.0
53.594537086 511.0
53.611248355 528.0
53.627959624 528.0
53.644670893 524.0
53.661382162 544.0
53.678093431 545.0
53.694804700 556.0
53.711515969 508.0
53.728227237 531.0
53.744938506 539.0
53.761649775 564.0
53.778361044 573.0
53.795072313 543.0
53.811783582 563.0
53.828494851 521.0
53.845206120 545.0
53.861917389 548.0
53.878628658 525.0
53.895339927 495.0
53.912051196 563.0
53.928762465 511.0
53.945473734 508.0
53.962185003 540.0
53.978896272 470.0
53.995607541 540.0
54.012318810 478.0
54.029030079 491.0
54.045741348 522.0
54.062452617 482.0
54.079163886 542.0
54.095875155 513.0
54.112586424 501.0
54.129297693 486.0
54.146008962 533.0
54.162720231 531.0
54.179431500 540.0
54.196142769 487.0
54.212854038 486.0
54.229565307 528.0
54.246276576 495.0
54.262987845 501.0
54.279699114 469.0
54.296410383 511.0
54.313121652 503.0
54.329832921 526.0
54.346544190 492.0
54.363255459 496.0
54.379966728 443.0
54.396677997 478.0
54.413389266 474.0
54.430100535 463.0
54.446811804 470.0
54.463523072 531.0
54.480234341 506.0
54.496945610 450.0
54.513656879 488.0
54.530368148 466.0
54.547079417 509.0
54.563790686 518.0
54.580501955 498.0
54.597213224 477.0
54.613924493 501.0
54.630635762 454.0
54.647347031 457.0
54.664058300 488.0
54.680769569 473.0
54.697480838 496.0
54.714192107 492.0
54.730903376 508.0
54.747614645 478.0
54.764325914 469.0
54.781037183 489.0
54.797748452 542.0
54.814459721 494.0
54.831170990 456.0
54.847882259 498.0
54.864593528 446.0
54.881304797 476.0
54.898016066 463.0
54.914727335 524.0
54.931438604 509.0
54.948149873 481.0
54.964861142 478.0
54.981572411 533.0
54.998283680 488.0
55.014994949 519.0
55.031706218 535.0
55.048417487 466.0
55.065128756 480.0
55.081840025 518.0
55.098551294 506.0
55.115262563 505.0
55.131973832 520.0
55.148685101 509.0
55.165396370 450.0
55.182107639 498.0
55.198818908 516.0
55.215530176 495.0
55.232241445 475.0
55.248952714 485.0
55.265663983 505.0
55.282375252 483.0
55.299086521 532.0
55.315797790 536.0
55.332509059 510.0
55.349220328 496.0
55.365931597 543.0
55.382642866 501.0
55.399354135 523.0
55.416065404 535.0
55.432776673 500.0
55.449487942 508.0
55.466199211 582.0
55.482910480 539.0
55.499621749 535.0
55.516333018 565.0
55.533044287 518.0
55.549755556 580.0
55.566466825 560.0
55.583178094 516.0
55.599889363 512.0
55.616600632 570.0
55.633311901 524.0
55.650023170 556.0
55.666734439 560.0
55.683445708 548.0
55.700156977 541.0
55.716868246 535.0
55.733579515 539.0
55.750290784 575.0
55.767002053 568.0
55.783713322 570.0
55.800424591 534.0
55.817135860 522.0
55.833847129 533.0
55.850558398 535.0
55.867269667 563.0
55.883980936 520.0
55.900692205 571.0
55.917403474 588.0
55.934114743 536.0
55.950826011 498.0
55.967537280 535.0
55.984248549 533.0
56.000959818 516.0
56.017671087 486.0
56.034382356 504.0
56.051093625 520.0
56.067804894 540.0
56.084516163 535.0
56.101227432 569.0
56.117938701 510.0
56.134649970 494.0
56.151361239 521.0
56.168072508 528.0
56.184783777 534.0
56.201495046 557.0
56.218206315 542.0
56.234917584 543.0
56.251628853 482.0
56.268340122 501.0
56.285051391 513.0
56.301762660 560.0
56.318473929 507.0
56.335185198 463.0
56.351896467 567.0
56.368607736 490.0
56.385319005 507.0
56.402030274 512.0
56.418741543 533.0
56.435452812 538.0
56.452164081 533.0
56.468875350 575.0
56.485586619 520.0
56.502297888 524.0
56.519009157 500.0
56.535720426 512.0
56.552431695 513.0
56.569142964 557.0
56.585854233 510.0
56.602565502 511.0
56.619276771 555.0
56.635988040 537.0
56.652699309 508.0
56.669410578 496.0
56.686121847 553.0
56.702833115 542.0
56.719544384 537.0
56.736255653 533.0
56.752966922 536.0
56.769678191 500.0
56.786389460 520.0
56.803100729 537.0
56.819811998 560.0
56.836523267 505.0
56.853234536 542.0
56.869945805 529.0
56.886657074 529.0
56.903368343 496.0
56.920079612 531.0
56.936790881 525.0
56.953502150 528.0
56.970213419 510.0
56.986924688 525.0
57.003635957 479.0
57.020347226 488.0
57.037058495 478.0
57.053769764 555.0
57.070481033 498.0
57.087192302 466.0
57.103903571 521.0
57.120614840 487.0
57.137326109 533.0
57.154037378 508.0
57.170748647 453.0
57.187459916 474.0
57.204171185 473.0
57.220882454 489.0
57.237593723 466.0
57.254304992 471.0
57.271016261 503.0
57.287727530 432.0
57.304438799 494.0
57.321150068 457.0
57.337861337 473.0
57.354572606 490.0
57.371283875 485.0
57.387995144 470.0
57.404706413 450.0
57.421417682 488.0
57.438128950 463.0
57.454840219 494.0
57.471551488 480.0
57.488262757 475.0
57.504974026 466.0
57.521685295 489.0
57.538396564 435.0
57.555107833 473.0
57.571819102 465.0
57.588530371 466.0
57.605241640 465.0
57.621952909 521.0
57.638664178 440.0
57.655375447 436.0
57.672086716 407.0
57.688797985 496.0
57.705509254 457.0
57.722220523 473.0
57.738931792 457.0
57.755643061 451.0
57.772354330 465.0
57.789065599 467.0
57.805776868 492.0
57.822488137 442.0
57.839199406 473.0
57.855910675 430.0
57.872621944 453.0
57.889333213 429.0
57.906044482 432.0
57.922755751 423.0
57.939467020 451.0
57.956178289 470.0
57.972889558 458.0
57.989600827 478.0
58.006312096 487.0
58.023023365 443.0
58.039734634 446.0
58.056445903 445.0
58.073157172 454.0
58.089868441 466.0
58.106579710 408.0
58.123290979 471.0
58.140002248 432.0
58.156713517 435.0
58.173424786 439.0
58.190136054 447.0
58.206847323 462.0
58.223558592 458.0
58.240269861 467.0
58.256981130 476.0
58.273692399 489.0
58.290403668 486.0
58.307114937 453.0
58.323826206 486.0
58.340537475 441.0
58.357248744 448.0
58.373960013 467.0
58.390671282 451.0
58.407382551 479.0
58.424093820 459.0
58.440805089 481.0
58.457516358 479.0
58.474227627 485.0
58.490938896 458.0
58.507650165 483.0
58.524361434 561.0
58.541072703 471.0
58.557783972 509.0
58.574495241 501.0
58.591206510 479.0
58.607917779 520.0
58.624629048 516.0
58.641340317 500.0
58.658051586 545.0
58.674762855 506.0
58.691474124 518.0
58.708185393 501.0
58.724896662 543.0
58.741607931 486.0
58.758319200 501.0
58.775030469 498.0
58.791741738 467.0
58.808453007 504.0
58.825164276 531.0
58.841875545 490.0
58.858586814 506.0
58.875298083 483.0
58.892009352 535.0
58.908720621 474.0
58.925431889 467.0
58.942143158 505.0
58.958854427 473.0
58.975565696 467.0
58.992276965 476.0
59.008988234 470.0
59.025699503 445.0
59.042410772 457.0
59.059122041 478.0
59.075833310 474.0
59.092544579 493.0
59.109255848 439.0
59.125967117 472.0
59.142678386 470.0
59.159389655 469.0
59.176100924 465.0
59.192812193 463.0
59.209523462 443.0
59.226234731 454.0
59.242946000 457.0
59.259657269 482.0
59.276368538 476.0
59.293079807 477.0
59.309791076 457.0
59.326502345 532.0
59.343213614 500.0
59.359924883 458.0
59.376636152 479.0
59.393347421 506.0
59.410058690 470.0
59.426769959 508.0
59.443481228 495.0
59.460192497 486.0
59.476903766 461.0
59.493615035 455.0
59.510326304 426.0
59.527037573 496.0
59.543748842 429.0
59.560460111 436.0
59.577171380 493.0
59.593882649 467.0
59.610593918 470.0
59.627305187 451.0
59.644016456 472.0
59.660727725 475.0
59.677438993 435.0
59.694150262 460.0
59.710861531 508.0
59.727572800 511.0
59.744284069 492.0
59.760995338 475.0
59.777706607 502.0
59.794417876 505.0
59.811129145 483.0
59.827840414 487.0
59.844551683 525.0
59.861262952 505.0
59.877974221 489.0
59.894685490 516.0
59.911396759 534.0
59.928108028 482.0
59.944819297 523.0
59.961530566 533.0
59.978241835 497.0
59.994953104 490.0
60.011664373 471.0
60.028375642 497.0
60.045086911 497.0
60.061798180 506.0
60.078509449 529.0
60.095220718 503.0
60.111931987 508.0
60.128643256 493.0
60.145354525 482.0
60.162065794 477.0
60.178777063 510.0
60.195488332 489.0
60.212199601 473.0
60.228910870 488.0
60.245622139 502.0
60.262333408 493.0
60.279044677 460.0
60.295755946 496.0
60.312467215 429.0
60.329178484 473.0
60.345889753 436.0
60.362601022 502.0
60.379312291 504.0
60.396023560 472.0
60.412734829 436.0
60.429446097 443.0
60.446157366 485.0
60.462868635 479.0
60.479579904 467.0
60.496291173 478.0
60.513002442 454.0
60.529713711 453.0
60.546424980 409.0
60.563136249 456.0
60.579847518 488.0
60.596558787 481.0
60.613270056 486.0
60.629981325 463.0
60.646692594 477.0
60.663403863 486.0
60.680115132 450.0
60.696826401 456.0
60.713537670 454.0
60.730248939 460.0
60.746960208 440.0
60.763671477 458.0
60.780382746 478.0
60.797094015 457.0
60.813805284 486.0
60.830516553 506.0
60.847227822 510.0
60.863939091 460.0
60.880650360 475.0
60.897361629 504.0
60.914072898 474.0
60.930784167 494.0
60.947495436 453.0
60.964206705 436.0
60.980917974 469.0
60.997629243 429.0
61.014340512 485.0
61.031051781 473.0
61.047763050 463.0
61.064474319 451.0
61.081185588 471.0
61.097896857 456.0
61.114608126 426.0
61.131319395 453.0
61.148030664 462.0
61.164741932 420.0
61.181453201 471.0
61.198164470 424.0
61.214875739 455.0
61.231587008 465.0
61.248298277 441.0
61.265009546 461.0
61.281720815 478.0
61.298432084 456.0
61.315143353 434.0
61.331854622 466.0
61.348565891 435.0
61.365277160 438.0
61.381988429 482.0
61.398699698 482.0
61.415410967 415.0
61.432122236 433.0
61.448833505 504.0
61.465544774 443.0
61.482256043 454.0
61.498967312 440.0
61.515678581 463.0
61.532389850 438.0
61.549101119 455.0
61.565812388 473.0
61.582523657 467.0
61.599234926 451.0
61.615946195 502.0
61.632657464 461.0
61.649368733 465.0
61.666080002 413.0
61.682791271 470.0
61.699502540 512.0
61.716213809 445.0
61.732925078 467.0
61.749636347 498.0
61.766347616 426.0
61.783058885 463.0
61.799770154 461.0
61.816481423 480.0
61.833192692 456.0
61.849903961 453.0
61.866615230 462.0
61.883326499 474.0
61.900037768 483.0
61.916749036 494.0
61.933460305 462.0
61.950171574 451.0
61.966882843 459.0
61.983594112 453.0
62.000305381 435.0
62.017016650 462.0
62.033727919 444.0
62.050439188 490.0
62.067150457 455.0
62.083861726 459.0
62.100572995 475.0
62.117284264 488.0
62.133995533 433.0
62.150706802 444.0
62.167418071 436.0
62.184129340 444.0
62.200840609 483.0
62.217551878 478.0
62.234263147 427.0
62.250974416 430.0
62.267685685 456.0
62.284396954 455.0
62.301108223 416.0
62.317819492 450.0
62.334530761 425.0
62.351242030 411.0
62.367953299 443.0
62.384664568 510.0
62.401375837 415.0
62.418087106 438.0
62.434798375 453.0
62.451509644 435.0
62.468220913 462.0
62.484932182 432.0
62.501643451 413.0
62.518354720 415.0
62.535065989 419.0
62.551777258 428.0
62.568488527 443.0
62.585199796 429.0
62.601911065 426.0
62.618622334 435.0
62.635333603 428.0
62.652044871 471.0
62.668756140 461.0
62.685467409 407.0
62.702178678 432.0
62.718889947 432.0
62.735601216 443.0
62.752312485 415.0
62.769023754 429.0
62.785735023 410.0
62.802446292 428.0
62.819157561 457.0
62.835868830 477.0
62.852580099 450.0
62.869291368 474.0
62.886002637 450.0
62.902713906 460.0
62.919425175 430.0
62.936136444 428.0
62.952847713 417.0
62.969558982 462.0
62.986270251 432.0
63.002981520 447.0
63.019692789 438.0
63.036404058 439.0
63.053115327 450.0
63.069826596 467.0
63.086537865 436.0
63.103249134 486.0
63.119960403 441.0
63.136671672 441.0
63.153382941 450.0
63.170094210 433.0
63.186805479 469.0
63.203516748 438.0
63.220228017 443.0
63.236939286 429.0
63.253650555 434.0
63.270361824 471.0
63.287073093 481.0
63.303784362 435.0
63.320495631 420.0
63.337206900 486.0
63.353918169 445.0
63.370629438 440.0
63.387340707 447.0
63.404051975 455.0
63.420763244 445.0
63.437474513 443.0
63.454185782 417.0
63.470897051 406.0
63.487608320 473.0
63.504319589 473.0
63.521030858 447.0
63.537742127 501.0
63.554453396 485.0
63.571164665 488.0
63.587875934 463.0
63.604587203 438.0
63.621298472 443.0
63.638009741 431.0
63.654721010 418.0
63.671432279 470.0
63.688143548 466.0
63.704854817 443.0
63.721566086 436.0
63.738277355 444.0
63.754988624 444.0
63.771699893 459.0
63.788411162 480.0
63.805122431 461.0
63.821833700 458.0
63.838544969 458.0
63.855256238 453.0
63.871967507 438.0
63.888678776 463.0
63.905390045 459.0
63.922101314 416.0
63.938812583 420.0
63.955523852 418.0
63.972235121 419.0
63.988946390 465.0
64.005657659 479.0
64.022368928 424.0
64.039080197 458.0
64.055791466 427.0
64.072502735 480.0
64.089214004 424.0
64.105925273 462.0
64.122636542 465.0
64.139347810 461.0
64.156059079 467.0
64.172770348 443.0
64.189481617 417.0
64.206192886 435.0
64.222904155 470.0
64.239615424 465.0
64.256326693 461.0
64.273037962 445.0
64.289749231 438.0
64.306460500 396.0
64.323171769 438.0
64.339883038 391.0
64.356594307 399.0
64.373305576 431.0
64.390016845 414.0
64.406728114 467.0
64.423439383 443.0
64.440150652 441.0
64.456861921 450.0
64.473573190 385.0
64.490284459 480.0
64.506995728 415.0
64.523706997 439.0
64.540418266 442.0
64.557129535 450.0
64.573840804 396.0
64.590552073 418.0
64.607263342 457.0
64.623974611 476.0
64.640685880 493.0
64.657397149 491.0
64.674108418 428.0
64.690819687 454.0
64.707530956 444.0
64.724242225 483.0
64.740953494 407.0
64.757664763 430.0
64.774376032 433.0
64.791087301 463.0
64.807798570 450.0
64.824509839 393.0
64.841221108 396.0
64.857932377 453.0
64.874643646 438.0
64.891354914 448.0
64.908066183 474.0
64.924777452 449.0
64.941488721 454.0
64.958199990 438.0
64.974911259 462.0
64.991622528 508.0
65.008333797 404.0
65.025045066 470.0
65.041756335 449.0
65.058467604 432.0
65.075178873 477.0
65.091890142 414.0
65.108601411 445.0
65.125312680 412.0
65.142023949 456.0
65.158735218 483.0
65.175446487 446.0
65.192157756 479.0
65.208869025 423.0
65.225580294 447.0
65.242291563 434.0
65.259002832 491.0
65.275714101 482.0
65.292425370 460.0
65.309136639 451.0
65.325847908 463.0
65.342559177 462.0
65.359270446 453.0
65.375981715 411.0
65.392692984 453.0
65.409404253 457.0
65.426115522 474.0
65.442826791 424.0
65.459538060 439.0
65.476249329 433.0
65.492960598 420.0
65.509671867 467.0
65.526383136 453.0
65.543094405 420.0
65.559805674 460.0
65.576516943 481.0
65.593228212 491.0
65.609939481 441.0
65.626650749 507.0
65.643362018 493.0
65.660073287 460.0
65.676784556 481.0
65.693495825 450.0
65.710207094 414.0
65.726918363 426.0
65.743629632 497.0
65.760340901 490.0
65.777052170 459.0
65.793763439 439.0
65.810474708 488.0
65.827185977 423.0
65.843897246 451.0
65.860608515 466.0
65.877319784 443.0
65.894031053 418.0
65.910742322 417.0
65.927453591 433.0
65.944164860 439.0
65.960876129 434.0
65.977587398 440.0
65.994298667 422.0
66.011009936 439.0
66.027721205 441.0
66.044432474 461.0
66.061143743 455.0
66.077855012 474.0
66.094566281 425.0
66.111277550 474.0
66.127988819 438.0
66.144700088 443.0
66.161411357 444.0
66.178122626 449.0
66.194833895 431.0
66.211545164 476.0
66.228256433 454.0
66.244967702 445.0
66.261678971 449.0
66.278390240 451.0
66.295101509 435.0
66.311812778 423.0
66.328524047 433.0
66.345235316 441.0
66.361946585 429.0
66.378657853 493.0
66.395369122 399.0
66.412080391 450.0
66.428791660 456.0
66.445502929 442.0
66.462214198 441.0
66.478925467 427.0
66.495636736 460.0
66.512348005 479.0
66.529059274 454.0
66.545770543 466.0
66.562481812 439.0
66.579193081 461.0
66.595904350 424.0
66.612615619 479.0
66.629326888 435.0
66.646038157 480.0
66.662749426 445.0
66.679460695 407.0
66.696171964 492.0
66.712883233 430.0
66.729594502 467.0
66.746305771 464.0
66.763017040 463.0
66.779728309 458.0
66.796439578 491.0
66.813150847 535.0
66.829862116 480.0
66.846573385 438.0
66.863284654 411.0
66.879995923 478.0
66.896707192 498.0
66.913418461 473.0
66.930129730 503.0
66.946840999 488.0
66.963552268 469.0
66.980263537 471.0
66.996974806 494.0
67.013686075 470.0
67.030397344 449.0
67.047108613 462.0
67.063819882 500.0
67.080531151 456.0
67.097242420 454.0
67.113953688 457.0
67.130664957 462.0
67.147376226 434.0
67.164087495 453.0
67.180798764 491.0
67.197510033 476.0
67.214221302 481.0
67.230932571 477.0
67.247643840 447.0
67.264355109 449.0
67.281066378 501.0
67.297777647 449.0
67.314488916 494.0
67.331200185 473.0
67.347911454 430.0
67.364622723 432.0
67.381333992 441.0
67.398045261 445.0
67.414756530 466.0
67.431467799 473.0
67.448179068 449.0
67.464890337 377.0
67.481601606 447.0
67.498312875 458.0
67.515024144 462.0
67.531735413 448.0
67.548446682 440.0
67.565157951 454.0
67.581869220 441.0
67.598580489 465.0
67.615291758 426.0
67.632003027 439.0
67.648714296 444.0
67.665425565 439.0
67.682136834 426.0
67.698848103 400.0
67.715559372 403.0
67.732270641 439.0
67.748981910 454.0
67.765693179 471.0
67.782404448 438.0
67.799115717 435.0
67.815826986 373.0
67.832538255 426.0
67.849249524 434.0
67.865960792 443.0
67.882672061 456.0
67.899383330 444.0
67.916094599 463.0
67.932805868 423.0
67.949517137 426.0
67.966228406 450.0
67.982939675 471.0
67.999650944 431.0
68.016362213 444.0
68.033073482 443.0
68.049784751 454.0
68.066496020 495.0
68.083207289 434.0
68.099918558 410.0
68.116629827 443.0
68.133341096 450.0
68.150052365 447.0
68.166763634 451.0
68.183474903 472.0
68.200186172 458.0
68.216897441 479.0
68.233608710 416.0
68.250319979 418.0
68.267031248 415.0
68.283742517 453.0
68.300453786 412.0
68.317165055 438.0
68.333876324 426.0
68.350587593 399.0
68.367298862 417.0
68.384010131 428.0
68.400721400 417.0
68.417432669 450.0
68.434143938 418.0
68.450855207 435.0
68.467566476 417.0
68.484277745 450.0
68.500989014 427.0
68.517700283 434.0
68.534411552 394.0
68.551122821 395.0
68.567834090 443.0
68.584545359 396.0
68.601256627 444.0
68.617967896 398.0
68.634679165 401.0
68.651390434 397.0
68.668101703 396.0
68.684812972 425.0
68.701524241 402.0
68.718235510 416.0
68.734946779 435.0
68.751658048 386.0
68.768369317 389.0
68.785080586 416.0
68.801791855 387.0
68.818503124 401.0
68.835214393 423.0
68.851925662 376.0
68.868636931 393.0
68.885348200 433.0
68.902059469 409.0
68.918770738 395.0
68.935482007 422.0
68.952193276 376.0
68.968904545 368.0
68.985615814 407.0
69.002327083 387.0
69.019038352 418.0
69.035749621 412.0
69.052460890 443.0
69.069172159 354.0
69.085883428 406.0
69.102594697 377.0
69.119305966 407.0
69.136017235 410.0
69.152728504 414.0
69.169439773 396.0
69.186151042 362.0
69.202862311 418.0
69.219573580 418.0
69.236284849 431.0
69.252996118 385.0
69.269707387 378.0
69.286418656 393.0
69.303129925 371.0
69.319841194 417.0
69.336552463 406.0
69.353263731 387.0
69.369975000 379.0
69.386686269 426.0
69.403397538 458.0
69.420108807 366.0
69.436820076 417.0
69.453531345 393.0
69.470242614 416.0
69.486953883 398.0
69.503665152 380.0
69.520376421 363.0
69.537087690 404.0
69.553798959 396.0
69.570510228 434.0
69.587221497 391.0
69.603932766 362.0
69.620644035 378.0
69.637355304 386.0
69.654066573 408.0
69.670777842 391.0
69.687489111 385.0
69.704200380 425.0
69.720911649 397.0
69.737622918 392.0
69.754334187 401.0
69.771045456 411.0
69.787756725 440.0
69.804467994 464.0
69.821179263 419.0
69.837890532 391.0
69.854601801 396.0
69.871313070 406.0
69.888024339 427.0
69.904735608 447.0
69.921446877 415.0
69.938158146 422.0
69.954869415 451.0
69.971580684 391.0
69.988291953 376.0
70.005003222 408.0
70.021714491 404.0
70.038425760 388.0
70.055137029 410.0
70.071848298 407.0
70.088559566 426.0
70.105270835 444.0
70.121982104 420.0
70.138693373 413.0
70.155404642 395.0
70.172115911 395.0
70.188827180 414.0
70.205538449 423.0
70.222249718 431.0
70.238960987 408.0
70.255672256 440.0
70.272383525 381.0
70.289094794 383.0
70.305806063 385.0
70.322517332 459.0
70.339228601 453.0
70.355939870 399.0
70.372651139 424.0
70.389362408 432.0
70.406073677 407.0
70.422784946 383.0
70.439496215 402.0
70.456207484 385.0
70.472918753 392.0
70.489630022 393.0
70.506341291 395.0
70.523052560 458.0
70.539763829 393.0
70.556475098 384.0
70.573186367 394.0
70.589897636 417.0
70.606608905 439.0
70.623320174 420.0
70.640031443 425.0
70.656742712 391.0
70.673453981 402.0
70.690165250 393.0
70.706876519 404.0
70.723587788 391.0
70.740299057 411.0
70.757010326 394.0
70.773721595 435.0
70.790432864 438.0
70.807144133 416.0
70.823855402 372.0
70.840566670 415.0
70.857277939 392.0
70.873989208 403.0
70.890700477 367.0
70.907411746 394.0
70.924123015 427.0
70.940834284 430.0
70.957545553 398.0
70.974256822 446.0
70.990968091 383.0
71.007679360 407.0
71.024390629 387.0
71.041101898 393.0
71.057813167 406.0
71.074524436 392.0
71.091235705 407.0
71.107946974 398.0
71.124658243 404.0
71.141369512 399.0
71.158080781 373.0
71.174792050 400.0
71.191503319 442.0
71.208214588 425.0
71.224925857 383.0
71.241637126 395.0
71.258348395 411.0
71.275059664 416.0
71.291770933 400.0
71.308482202 396.0
71.325193471 379.0
71.341904740 435.0
71.358616009 410.0
71.375327278 441.0
71.392038547 422.0
71.408749816 384.0
71.425461085 357.0
71.442172354 426.0
71.458883623 385.0
71.475594892 400.0
71.492306161 427.0
71.509017430 413.0
71.525728699 368.0
71.542439968 394.0
71.559151237 375.0
71.575862505 411.0
71.592573774 369.0
71.609285043 422.0
71.625996312 413.0
71.642707581 391.0
71.659418850 391.0
71.676130119 382.0
71.692841388 393.0
71.709552657 376.0
71.726263926 365.0
71.742975195 412.0
71.759686464 383.0
71.776397733 370.0
71.793109002 377.0
71.809820271 353.0
71.826531540 389.0
71.843242809 362.0
71.859954078 381.0
71.876665347 391.0
71.893376616 391.0
71.910087885 402.0
71.926799154 398.0
71.943510423 378.0
71.960221692 387.0
71.976932961 341.0
71.993644230 371.0
72.010355499 376.0
72.027066768 383.0
72.043778037 402.0
72.060489306 381.0
72.077200575 394.0
72.093911844 368.0
72.110623113 366.0
72.127334382 364.0
72.144045651 403.0
72.160756920 386.0
72.177468189 372.0
72.194179458 397.0
72.210890727 392.0
72.227601996 415.0
72.244313265 380.0
72.261024534 372.0
72.277735803 384.0
72.294447072 393.0
72.311158341 375.0
72.327869609 413.0
72.344580878 433.0
72.361292147 347.0
72.378003416 412.0
72.394714685 372.0
72.411425954 395.0
72.428137223 378.0
72.444848492 386.0
72.461559761 373.0
72.478271030 355.0
72.494982299 371.0
72.511693568 392.0
72.528404837 335.0
72.545116106 362.0
72.561827375 378.0
72.578538644 400.0
72.595249913 361.0
72.611961182 409.0
72.628672451 366.0
72.645383720 381.0
72.662094989 338.0
72.678806258 388.0
72.695517527 365.0
72.712228796 365.0
72.728940065 393.0
72.745651334 362.0
72.762362603 373.0
72.779073872 397.0
72.795785141 375.0
72.812496410 366.0
72.829207679 399.0
72.845918948 382.0
72.862630217 391.0
72.879341486 383.0
72.896052755 333.0
72.912764024 365.0
72.929475293 375.0
72.946186562 367.0
72.962897831 372.0
72.979609100 366.0
72.996320369 418.0
73.013031638 356.0
73.029742907 402.0
73.046454176 397.0
73.063165444 367.0
73.079876713 403.0
73.096587982 352.0
73.113299251 348.0
73.130010520 385.0
73.146721789 364.0
73.163433058 371.0
73.180144327 378.0
73.196855596 379.0
73.213566865 376.0
73.230278134 383.0
73.246989403 348.0
73.263700672 353.0
73.280411941 372.0
73.297123210 383.0
73.313834479 360.0
73.330545748 369.0
73.347257017 365.0
73.363968286 365.0
73.380679555 325.0
73.397390824 350.0
73.414102093 379.0
73.430813362 362.0
73.447524631 381.0
73.464235900 339.0
73.480947169 376.0
73.497658438 368.0
73.514369707 340.0
73.531080976 348.0
73.547792245 346.0
73.564503514 351.0
73.581214783 363.0
73.597926052 350.0
73.614637321 325.0
73.631348590 362.0
73.648059859 363.0
73.664771128 360.0
73.681482397 387.0
73.698193666 342.0
73.714904935 392.0
73.731616204 352.0
73.748327473 367.0
73.765038742 351.0
73.781750011 354.0
73.798461280 336.0
73.815172548 322.0
73.831883817 367.0
73.848595086 377.0
73.865306355 357.0
73.882017624 386.0
73.898728893 340.0
73.915440162 350.0
73.932151431 388.0
73.948862700 365.0
73.965573969 376.0
73.982285238 353.0
73.998996507 364.0
74.015707776 352.0
74.032419045 325.0
74.049130314 346.0
74.065841583 340.0
74.082552852 345.0
74.099264121 317.0
74.115975390 357.0
74.132686659 358.0
74.149397928 357.0
74.166109197 376.0
74.182820466 381.0
74.199531735 362.0
74.216243004 337.0
74.232954273 342.0
74.249665542 358.0
74.266376811 349.0
74.283088080 349.0
74.299799349 361.0
74.316510618 367.0
74.333221887 366.0
74.349933156 341.0
74.366644425 355.0
74.383355694 350.0
74.400066963 337.0
74.416778232 345.0
74.433489501 361.0
74.450200770 329.0
74.466912039 337.0
74.483623308 396.0
74.500334577 348.0
74.517045846 364.0
74.533757115 319.0
74.550468383 357.0
74.567179652 373.0
74.583890921 331.0
74.600602190 382.0
74.617313459 356.0
74.634024728 365.0
74.650735997 415.0
74.667447266 315.0
74.684158535 334.0
74.700869804 386.0
74.717581073 369.0
74.734292342 368.0
74.751003611 355.0
74.767714880 335.0
74.784426149 334.0
74.801137418 336.0
74.817848687 360.0
74.834559956 347.0
74.851271225 358.0
74.867982494 337.0
74.884693763 348.0
74.901405032 344.0
74.918116301 355.0
74.934827570 365.0
74.951538839 373.0
74.968250108 383.0
74.984961377 350.0
75.001672646 361.0
75.018383915 380.0
75.035095184 358.0
75.051806453 368.0
75.068517722 338.0
75.085228991 362.0
75.101940260 355.0
75.118651529 354.0
75.135362798 353.0
75.152074067 345.0
75.168785336 340.0
75.185496605 358.0
75.202207874 333.0
75.218919143 360.0
75.235630412 368.0
75.252341681 360.0
75.269052950 328.0
75.285764219 381.0
75.302475487 347.0
75.319186756 352.0
75.335898025 368.0
75.352609294 351.0
75.369320563 376.0
75.386031832 360.0
75.402743101 355.0
75.419454370 348.0
75.436165639 362.0
75.452876908 333.0
75.469588177 323.0
75.486299446 353.0
75.503010715 360.0
75.519721984 354.0
75.536433253 348.0
75.553144522 361.0
75.569855791 352.0
75.586567060 338.0
75.603278329 360.0
75.619989598 339.0
75.636700867 335.0
75.653412136 336.0
75.670123405 375.0
75.686834674 346.0
75.703545943 346.0
75.720257212 332.0
75.736968481 361.0
75.753679750 323.0
75.770391019 363.0
75.787102288 365.0
75.803813557 342.0
75.820524826 354.0
75.837236095 338.0
75.853947364 339.0
75.870658633 371.0
75.887369902 394.0
75.904081171 365.0
75.920792440 347.0
75.937503709 366.0
75.954214978 355.0
75.970926247 339.0
75.987637516 381.0
76.004348785 341.0
76.021060054 358.0
76.037771323 358.0
76.054482591 352.0
76.071193860 365.0
76.087905129 366.0
76.104616398 366.0
76.121327667 376.0
76.138038936 338.0
76.154750205 355.0
76.171461474 342.0
76.188172743 361.0
76.204884012 358.0
76.221595281 337.0
76.238306550 348.0
76.255017819 377.0
76.271729088 368.0
76.288440357 341.0
76.305151626 394.0
76.321862895 386.0
76.338574164 335.0
76.355285433 378.0
76.371996702 345.0
76.388707971 360.0
76.405419240 362.0
76.422130509 335.0
76.438841778 357.0
76.455553047 342.0
76.472264316 337.0
76.488975585 338.0
76.505686854 357.0
76.522398123 351.0
76.539109392 381.0
76.555820661 383.0
76.572531930 322.0
76.589243199 349.0
76.605954468 365.0
76.622665737 322.0
76.639377006 345.0
76.656088275 323.0
76.672799544 372.0
76.689510813 345.0
76.706222082 340.0
76.722933351 333.0
76.739644620 348.0
76.756355889 336.0
76.773067158 358.0
76.789778426 366.0
76.806489695 331.0
76.823200964 323.0
76.839912233 295.0
76.856623502 347.0
76.873334771 306.0
76.890046040 346.0
76.906757309 340.0
76.923468578 334.0
76.940179847 304.0
76.956891116 344.0
76.973602385 348.0
76.990313654 341.0
77.007024923 353.0
77.023736192 352.0
77.040447461 311.0
77.057158730 345.0
77.073869999 361.0
77.090581268 342.0
77.107292537 352.0
77.124003806 334.0
77.140715075 349.0
77.157426344 363.0
77.174137613 360.0
77.190848882 339.0
77.207560151 321.0
77.224271420 335.0
77.240982689 322.0
77.257693958 367.0
77.274405227 360.0
77.291116496 319.0
77.307827765 334.0
77.324539034 330.0
77.341250303 338.0
77.357961572 338.0
77.374672841 347.0
77.391384110 334.0
77.408095379 376.0
77.424806648 330.0
77.441517917 335.0
77.458229186 367.0
77.474940455 345.0
77.491651724 326.0
77.508362993 356.0
77.525074262 319.0
77.541785530 341.0
77.558496799 358.0
77.575208068 320.0
77.591919337 361.0
77.608630606 333.0
77.625341875 334.0
77.642053144 341.0
77.658764413 323.0
77.675475682 324.0
77.692186951 335.0
77.708898220 342.0
77.725609489 326.0
77.742320758 334.0
77.759032027 297.0
77.775743296 331.0
77.792454565 333.0
77.809165834 286.0
77.825877103 303.0
77.842588372 336.0
77.859299641 300.0
77.876010910 342.0
77.892722179 308.0
77.909433448 293.0
77.926144717 300.0
77.942855986 336.0
77.959567255 334.0
77.976278524 323.0
77.992989793 339.0
78.009701062 324.0
78.026412331 323.0
78.043123600 303.0
78.059834869 339.0
78.076546138 357.0
78.093257407 341.0
78.109968676 295.0
78.126679945 297.0
78.143391214 325.0
78.160102483 339.0
78.176813752 350.0
78.193525021 342.0
78.210236290 318.0
78.226947559 317.0
78.243658828 349.0
78.260370097 325.0
78.277081365 325.0
78.293792634 306.0
78.310503903 313.0
78.327215172 320.0
78.343926441 292.0
78.360637710 308.0
78.377348979 326.0
78.394060248 334.0
78.410771517 320.0
78.427482786 306.0
78.444194055 331.0
78.460905324 365.0
78.477616593 320.0
78.494327862 317.0
78.511039131 345.0
78.527750400 331.0
78.544461669 337.0
78.561172938 304.0
78.577884207 332.0
78.594595476 294.0
78.611306745 307.0
78.628018014 338.0
78.644729283 294.0
78.661440552 342.0
78.678151821 297.0
78.694863090 331.0
78.711574359 328.0
78.728285628 311.0
78.744996897 294.0
78.761708166 335.0
78.778419435 306.0
78.795130704 329.0
78.811841973 321.0
78.828553242 302.0
78.845264511 332.0
78.861975780 305.0
78.878687049 331.0
78.895398318 290.0
78.912109587 318.0
78.928820856 318.0
78.945532125 337.0
78.962243394 341.0
78.978954663 325.0
78.995665932 326.0
79.012377201 309.0
79.029088469 346.0
79.045799738 285.0
79.062511007 306.0
79.079222276 316.0
79.095933545 324.0
79.112644814 335.0
79.129356083 307.0
79.146067352 338.0
79.162778621 333.0
79.179489890 302.0
79.196201159 336.0
79.212912428 299.0
79.229623697 333.0
79.246334966 307.0
79.263046235 302.0
79.279757504 330.0
79.296468773 302.0
79.313180042 347.0
79.329891311 318.0
79.346602580 342.0
79.363313849 333.0
79.380025118 322.0
79.396736387 288.0
79.413447656 283.0
79.430158925 274.0
79.446870194 302.0
79.463581463 329.0
79.480292732 328.0
79.497004001 317.0
79.513715270 285.0
79.530426539 333.0
79.547137808 287.0
79.563849077 315.0
79.580560346 302.0
79.597271615 324.0
79.613982884 278.0
79.630694153 304.0
79.647405422 308.0
79.664116691 294.0
79.680827960 329.0
79.697539229 305.0
79.714250498 332.0
79.730961767 322.0
79.747673036 321.0
79.764384304 318.0
79.781095573 284.0
79.797806842 318.0
79.814518111 309.0
79.831229380 302.0
79.847940649 328.0
79.864651918 306.0
79.881363187 285.0
79.898074456 309.0
79.914785725 311.0
79.931496994 320.0
79.948208263 286.0
79.964919532 305.0
79.981630801 287.0
79.998342070 336.0
80.015053339 291.0
80.031764608 303.0
80.048475877 268.0
80.065187146 288.0
80.081898415 310.0
80.098609684 299.0
80.115320953 293.0
80.132032222 287.0
80.148743491 258.0
80.165454760 270.0
80.182166029 269.0
80.198877298 294.0
80.215588567 319.0
80.232299836 320.0
80.249011105 323.0
80.265722374 288.0
80.282433643 288.0
80.299144912 320.0
80.315856181 299.0
80.332567450 295.0
80.349278719 278.0
80.365989988 278.0
80.382701257 310.0
80.399412526 295.0
80.416123795 297.0
80.432835064 297.0
80.449546333 326.0
80.466257602 283.0
80.482968871 287.0
80.499680140 332.0
80.516391408 308.0
80.533102677 292.0
80.549813946 275.0
80.566525215 297.0
80.583236484 306.0
80.599947753 280.0
80.616659022 268.0
80.633370291 289.0
80.650081560 279.0
80.666792829 273.0
80.683504098 282.0
80.700215367 293.0
80.716926636 315.0
80.733637905 320.0
80.750349174 278.0
80.767060443 300.0
80.783771712 297.0
80.800482981 277.0
80.817194250 317.0
80.833905519 295.0
80.850616788 266.0
80.867328057 302.0
80.884039326 291.0
80.900750595 292.0
80.917461864 282.0
80.934173133 303.0
80.950884402 269.0
80.967595671 293.0
80.984306940 295.0
81.001018209 300.0
81.017729478 324.0
81.034440747 310.0
81.051152016 294.0
81.067863285 277.0
81.084574554 277.0
81.101285823 305.0
81.117997092 301.0
81.134708361 311.0
81.151419630 303.0
81.168130899 294.0
81.184842168 301.0
81.201553437 272.0
81.218264706 272.0
81.234975975 317.0
81.251687243 310.0
81.268398512 279.0
81.285109781 254.0
81.301821050 295.0
81.318532319 305.0
81.335243588 311.0
81.351954857 278.0
81.368666126 307.0
81.385377395 264.0
81.402088664 260.0
81.418799933 272.0
81.435511202 291.0
81.452222471 295.0
81.468933740 314.0
81.485645009 271.0
81.502356278 287.0
81.519067547 271.0
81.535778816 293.0
81.552490085 277.0
81.569201354 339.0
81.585912623 287.0
81.602623892 270.0
81.619335161 262.0
81.636046430 280.0
81.652757699 267.0
81.669468968 276.0
81.686180237 277.0
81.702891506 288.0
81.719602775 316.0
81.736314044 280.0
81.753025313 282.0
81.769736582 278.0
81.786447851 306.0
81.803159120 271.0
81.819870389 282.0
81.836581658 272.0
81.853292927 292.0
81.870004196 271.0
81.886715465 274.0
81.903426734 282.0
81.920138003 280.0
81.936849272 300.0
81.953560541 273.0
81.970271810 262.0
81.986983079 280.0
82.003694347 267.0
82.020405616 285.0
82.037116885 267.0
82.053828154 278.0
82.070539423 282.0
82.087250692 232.0
82.103961961 292.0
82.120673230 295.0
82.137384499 246.0
82.154095768 299.0
82.170807037 275.0
82.187518306 292.0
82.204229575 260.0
82.220940844 271.0
82.237652113 259.0
82.254363382 231.0
82.271074651 268.0
82.287785920 248.0
82.304497189 300.0
82.321208458 247.0
82.337919727 271.0
82.354630996 274.0
82.371342265 244.0
82.388053534 268.0
82.404764803 283.0
82.421476072 272.0
82.438187341 291.0
82.454898610 210.0
82.471609879 259.0
82.488321148 288.0
82.505032417 285.0
82.521743686 250.0
82.538454955 242.0
82.555166224 247.0
82.571877493 288.0
82.588588762 236.0
82.605300031 263.0
82.622011300 283.0
82.638722569 262.0
82.655433838 276.0
82.672145107 264.0
82.688856376 242.0
82.705567645 298.0
82.722278914 291.0
82.738990182 283.0
82.755701451 254.0
82.772412720 251.0
82.789123989 279.0
82.805835258 242.0
82.822546527 269.0
82.839257796 270.0
82.855969065 248.0
82.872680334 271.0
82.889391603 274.0
82.906102872 287.0
82.922814141 276.0
82.939525410 268.0
82.956236679 297.0
82.972947948 258.0
82.989659217 242.0
83.006370486 275.0
83.023081755 276.0
83.039793024 269.0
83.056504293 256.0
83.073215562 257.0
83.089926831 237.0
83.106638100 237.0
